1.187008882341308594e+09 -1.702878236770629883e+00 -1.413912296295166016e+00
1.187008882341796875e+09 -1.528199434280395508e+00 -1.883689165115356445e-01
1.187008882342285156e+09 -1.067122936248779297e+00 8.203065395355224609e-02
1.187008882342773438e+09 -1.010962486267089844e+00 2.253017425537109375e-01
1.187008882343261719e+09 -7.145450711250305176e-01 7.680280804634094238e-01
1.187008882343750000e+09 3.685791045427322388e-02 1.093316674232482910e+00
1.187008882344238281e+09 1.032990217208862305e+00 5.899281501770019531e-01
1.187008882344726562e+09 1.166403532028198242e+00 -5.552678108215332031e-01
1.187008882345214844e+09 3.675213158130645752e-01 -1.078946828842163086e+00
1.187008882345703125e+09 -2.039358317852020264e-01 -9.984958767890930176e-01
1.187008882346191406e+09 -5.317609310150146484e-01 -6.635496020317077637e-01
1.187008882346679688e+09 -5.081447958946228027e-01 -5.591144561767578125e-01
1.187008882347167969e+09 -6.285095214843750000e-01 -7.682306170463562012e-01
1.187008882347656250e+09 -9.093601703643798828e-01 -5.012685656547546387e-01
1.187008882348144531e+09 -9.696015715599060059e-01 -3.107487559318542480e-01
1.187008882348632812e+09 -1.044430971145629883e+00 -2.059707045555114746e-02
1.187008882349121094e+09 -1.062640190124511719e+00 8.881786465644836426e-02
1.187008882349609375e+09 -1.093460917472839355e+00 4.582047462463378906e-01
1.187008882350097656e+09 -1.040195822715759277e+00 7.609983682632446289e-01
1.187008882350585938e+09 -8.098223209381103516e-01 9.363127350807189941e-01
1.187008882351074219e+09 -6.919016838073730469e-01 1.296653747558593750e+00
1.187008882351562500e+09 2.959676086902618408e-02 1.582387685775756836e+00
1.187008882352050781e+09 8.106671571731567383e-01 1.120824098587036133e+00
1.187008882352539062e+09 9.205585718154907227e-01 6.112377047538757324e-01
1.187008882353027344e+09 7.590724229812622070e-01 1.550610661506652832e-01
1.187008882353515625e+09 4.825075864791870117e-01 2.129400521516799927e-02
1.187008882354003906e+09 4.213637113571166992e-01 1.803022027015686035e-01
1.187008882354492188e+09 4.384797811508178711e-01 -8.951181173324584961e-02
1.187008882354980469e+09 1.771032810211181641e-03 -5.165958404541015625e-02
1.187008882355468750e+09 2.470411062240600586e-01 3.877865076065063477e-01
1.187008882355957031e+09 6.759676337242126465e-01 1.165043711662292480e-01
1.187008882356445312e+09 5.331174135208129883e-01 -2.086436152458190918e-01
1.187008882356933594e+09 1.205077022314071655e-01 -2.855577468872070312e-01
1.187008882357421875e+09 -1.013577431440353394e-01 2.980948686599731445e-01
1.187008882357910156e+09 7.634665966033935547e-01 6.591823101043701172e-01
1.187008882358398438e+09 1.478397488594055176e+00 -2.503352165222167969e-01
1.187008882358886719e+09 1.060492992401123047e+00 -1.322453141212463379e+00
1.187008882359375000e+09 1.446111202239990234e-01 -1.663080096244812012e+00
1.187008882359863281e+09 -6.575467586517333984e-01 -1.128517389297485352e+00
1.187008882360351562e+09 -5.731558203697204590e-01 -2.238136827945709229e-01
1.187008882360839844e+09 8.234572410583496094e-02 -4.990096092224121094e-01
1.187008882361328125e+09 -4.613984227180480957e-01 -9.900395274162292480e-01
1.187008882361816406e+09 -9.638969898223876953e-01 -6.614747047424316406e-01
1.187008882362304688e+09 -1.378039598464965820e+00 -1.811666488647460938e-01
1.187008882362792969e+09 -1.440929651260375977e+00 7.039146423339843750e-01
1.187008882363281250e+09 -6.701596975326538086e-01 1.096617221832275391e+00
1.187008882363769531e+09 -4.206168651580810547e-01 1.138802766799926758e+00
1.187008882364257812e+09 -6.780892610549926758e-02 1.452750563621520996e+00
1.187008882364746094e+09 7.673765420913696289e-01 1.367286086082458496e+00
1.187008882365234375e+09 1.235897898674011230e+00 8.562833070755004883e-01
1.187008882365722656e+09 1.651965141296386719e+00 2.128292918205261230e-01
1.187008882366210938e+09 1.637936592102050781e+00 -7.965052127838134766e-01
1.187008882366699219e+09 5.568593740463256836e-01 -1.699559330940246582e+00
1.187008882367187500e+09 -5.907220840454101562e-01 -1.402974367141723633e+00
1.187008882367675781e+09 -1.108874201774597168e+00 -3.817763924598693848e-01
1.187008882368164062e+09 -6.660719513893127441e-01 8.015418052673339844e-02
1.187008882368652344e+09 -5.454429388046264648e-01 -8.392238616943359375e-02
1.187008882369140625e+09 -9.485919475555419922e-01 2.968713045120239258e-01
1.187008882369628906e+09 -8.147248029708862305e-01 9.692051410675048828e-01
1.187008882370117188e+09 -5.317640304565429688e-02 1.436789751052856445e+00
1.187008882370605469e+09 9.357053041458129883e-01 1.171700239181518555e+00
1.187008882371093750e+09 1.337696909904479980e+00 4.372718036174774170e-01
1.187008882371582031e+09 1.179902911186218262e+00 -4.609042406082153320e-02
1.187008882372070312e+09 1.297049283981323242e+00 -4.999297857284545898e-01
1.187008882372558594e+09 8.640936613082885742e-01 -1.141398906707763672e+00
1.187008882373046875e+09 2.050721645355224609e-01 -9.423854947090148926e-01
1.187008882373535156e+09 2.740516066551208496e-01 -8.135403394699096680e-01
1.187008882374023438e+09 4.003524780273437500e-02 -9.143410921096801758e-01
1.187008882374511719e+09 9.784460067749023438e-02 -7.596009969711303711e-01
1.187008882375000000e+09 -1.131546497344970703e-02 -1.250380992889404297e+00
1.187008882375488281e+09 -8.664920926094055176e-01 -1.382781505584716797e+00
1.187008882375976562e+09 -1.382869958877563477e+00 -8.561171889305114746e-01
1.187008882376464844e+09 -1.556513309478759766e+00 -4.093692898750305176e-01
1.187008882376953125e+09 -1.947426438331604004e+00 2.141562104225158691e-01
1.187008882377441406e+09 -1.805051565170288086e+00 1.330228090286254883e+00
1.187008882377929688e+09 -8.965549468994140625e-01 2.099923133850097656e+00
1.187008882378417969e+09 3.655300140380859375e-01 2.039584636688232422e+00
1.187008882378906250e+09 1.161535024642944336e+00 1.203040838241577148e+00
1.187008882379394531e+09 9.747467637062072754e-01 3.636961877346038818e-01
1.187008882379882812e+09 8.035823106765747070e-01 1.089558601379394531e-01
1.187008882380371094e+09 5.702208280563354492e-01 8.368697762489318848e-02
1.187008882380859375e+09 7.584608793258666992e-01 -2.959766983985900879e-02
1.187008882381347656e+09 5.752193927764892578e-01 -5.154006481170654297e-01
1.187008882381835938e+09 2.290523052215576172e-01 -4.851088225841522217e-01
1.187008882382324219e+09 6.213736534118652344e-02 -4.949343204498291016e-01
1.187008882382812500e+09 -1.521030664443969727e-01 -5.408533811569213867e-01
1.187008882383300781e+09 -6.293914318084716797e-01 -3.695701956748962402e-01
1.187008882383789062e+09 -7.098782062530517578e-01 3.081928491592407227e-01
1.187008882384277344e+09 -5.614030361175537109e-02 7.428992986679077148e-01
1.187008882384765625e+09 4.862313866615295410e-01 3.039247393608093262e-01
1.187008882385253906e+09 8.661973476409912109e-02 1.515635848045349121e-02
1.187008882385742188e+09 -3.349423408508300781e-02 2.871553301811218262e-01
1.187008882386230469e+09 3.668397665023803711e-01 3.138074576854705811e-01
1.187008882386718750e+09 5.764538049697875977e-01 1.435626149177551270e-01
1.187008882387207031e+09 5.337482690811157227e-01 -1.826869249343872070e-01
1.187008882387695312e+09 3.227943181991577148e-01 -3.131974935531616211e-01
1.187008882388183594e+09 3.247070312500000000e-02 -4.063088893890380859e-01
1.187008882388671875e+09 -3.519688844680786133e-01 -9.240853786468505859e-02
1.187008882389160156e+09 4.564741253852844238e-02 4.053597450256347656e-01
1.187008882389648438e+09 5.933679342269897461e-01 2.371510267257690430e-01
1.187008882390136719e+09 8.733934760093688965e-01 -2.932091355323791504e-01
1.187008882390625000e+09 4.938426315784454346e-01 -7.671002149581909180e-01
1.187008882391113281e+09 1.880282759666442871e-01 -9.964216351509094238e-01
1.187008882391601562e+09 -3.937864899635314941e-01 -1.079938888549804688e+00
1.187008882392089844e+09 -1.026600599288940430e+00 -4.639536738395690918e-01
1.187008882392578125e+09 -5.873832702636718750e-01 2.524659037590026855e-01
1.187008882393066406e+09 -6.361353397369384766e-02 -2.935203313827514648e-01
1.187008882393554688e+09 -6.336964368820190430e-01 -4.216620922088623047e-01
1.187008882394042969e+09 -7.017450332641601562e-01 -9.979641437530517578e-02
1.187008882394531250e+09 -9.258867502212524414e-01 1.418313980102539062e-01
1.187008882395019531e+09 -8.509175181388854980e-01 6.310762166976928711e-01
1.187008882395507812e+09 -6.161590218544006348e-01 7.494362592697143555e-01
1.187008882395996094e+09 -6.027315855026245117e-01 1.055454254150390625e+00
1.187008882396484375e+09 -6.866836547851562500e-02 1.179525256156921387e+00
1.187008882396972656e+09 1.473753452301025391e-01 1.045596837997436523e+00
1.187008882397460938e+09 3.783612251281738281e-01 1.278449773788452148e+00
1.187008882397949219e+09 1.086574077606201172e+00 9.756261110305786133e-01
1.187008882398437500e+09 1.188452959060668945e+00 4.538166821002960205e-01
1.187008882398925781e+09 1.312164783477783203e+00 2.099397778511047363e-01
1.187008882399414062e+09 1.301192522048950195e+00 -1.674444675445556641e-01
1.187008882399902344e+09 1.357565641403198242e+00 -3.688602447509765625e-01
1.187008882400390625e+09 1.585718631744384766e+00 -1.281605482101440430e+00
1.187008882400878906e+09 6.126847267150878906e-01 -2.105090141296386719e+00
1.187008882401367188e+09 -4.989679455757141113e-01 -2.070768356323242188e+00
1.187008882401855469e+09 -1.372753143310546875e+00 -1.610786199569702148e+00
1.187008882402343750e+09 -1.902517914772033691e+00 -5.823153257369995117e-01
1.187008882402832031e+09 -1.460595130920410156e+00 2.624804973602294922e-01
1.187008882403320312e+09 -9.742870926856994629e-01 2.613099813461303711e-01
1.187008882403808594e+09 -1.122695922851562500e+00 1.988200545310974121e-01
1.187008882404296875e+09 -1.260043740272521973e+00 5.008872747421264648e-01
1.187008882404785156e+09 -1.102722167968750000e+00 1.319272756576538086e+00
1.187008882405273438e+09 -1.190500259399414062e-01 1.658891916275024414e+00
1.187008882405761719e+09 5.431690216064453125e-01 1.267238855361938477e+00
1.187008882406250000e+09 7.246192693710327148e-01 9.727845191955566406e-01
1.187008882406738281e+09 1.091963171958923340e+00 6.269464492797851562e-01
1.187008882407226562e+09 1.121023893356323242e+00 1.552422046661376953e-01
1.187008882407714844e+09 9.636735916137695312e-01 -2.717456221580505371e-01
1.187008882408203125e+09 7.032130956649780273e-01 -6.297791004180908203e-01
1.187008882408691406e+09 2.575867772102355957e-01 -6.737439632415771484e-01
1.187008882409179688e+09 -1.189135313034057617e-01 -6.437423229217529297e-01
1.187008882409667969e+09 -4.251106679439544678e-01 -5.349270105361938477e-01
1.187008882410156250e+09 -6.821773052215576172e-01 -3.301715850830078125e-01
1.187008882410644531e+09 -8.273383378982543945e-01 1.267333030700683594e-01
1.187008882411132812e+09 -6.327774524688720703e-01 5.193414688110351562e-01
1.187008882411621094e+09 -5.367738008499145508e-01 8.324054479598999023e-01
1.187008882412109375e+09 -5.856895446777343750e-02 1.340809583663940430e+00
1.187008882412597656e+09 5.309491157531738281e-01 1.053789258003234863e+00
1.187008882413085938e+09 6.824095249176025391e-01 9.087171554565429688e-01
1.187008882413574219e+09 1.275973320007324219e+00 8.137875795364379883e-01
1.187008882414062500e+09 1.545574188232421875e+00 1.164546012878417969e-01
1.187008882414550781e+09 1.322859764099121094e+00 -4.407557249069213867e-01
1.187008882415039062e+09 1.192121744155883789e+00 -7.339479923248291016e-01
1.187008882415527344e+09 6.713655591011047363e-01 -1.016100645065307617e+00
1.187008882416015625e+09 1.203066110610961914e-01 -7.411240339279174805e-01
1.187008882416503906e+09 2.110280990600585938e-01 -4.248728752136230469e-01
1.187008882416992188e+09 2.778518199920654297e-01 -2.518695592880249023e-01
1.187008882417480469e+09 6.456508636474609375e-01 -7.152307033538818359e-02
1.187008882417968750e+09 8.568836450576782227e-01 -4.972802400588989258e-01
1.187008882418457031e+09 7.233604788780212402e-01 -7.328531742095947266e-01
1.187008882418945312e+09 6.844242215156555176e-01 -5.807163715362548828e-01
1.187008882419433594e+09 1.019758582115173340e+00 -8.121565580368041992e-01
1.187008882419921875e+09 1.253159046173095703e+00 -1.142614960670471191e+00
1.187008882420410156e+09 1.733975172042846680e+00 -1.970590591430664062e+00
1.187008882420898438e+09 1.263507843017578125e+00 -3.325781583786010742e+00
1.187008882421386719e+09 -9.095668792724609375e-04 -4.132749080657958984e+00
1.187008882421875000e+09 -1.337414264678955078e+00 -4.351621627807617188e+00
1.187008882422363281e+09 -2.763388633728027344e+00 -3.870462417602539062e+00
1.187008882422851562e+09 -3.400206804275512695e+00 -3.009089946746826172e+00
1.187008882423339844e+09 -3.408947944641113281e+00 -2.905840396881103516e+00
1.187008882423828125e+09 -4.630083084106445312e+00 -3.233743429183959961e+00
1.187008882424316406e+09 -6.574146747589111328e+00 -2.805192470550537109e+00
1.187008882424804688e+09 -8.572559356689453125e+00 -1.233404874801635742e+00
1.187008882425292969e+09 -1.016758346557617188e+01 1.225369572639465332e+00
1.187008882425781250e+09 -1.105001258850097656e+01 5.392972946166992188e+00
1.187008882426269531e+09 -9.449573516845703125e+00 1.066077518463134766e+01
1.187008882426757812e+09 -4.498596191406250000e+00 1.442114067077636719e+01
1.187008882427246094e+09 1.507963657379150391e+00 1.472269058227539062e+01
1.187008882427734375e+09 6.171666622161865234e+00 1.249053955078125000e+01
1.187008882428222656e+09 9.286800384521484375e+00 9.345080375671386719e+00
1.187008882428710938e+09 1.102320098876953125e+01 5.351396560668945312e+00
1.187008882429199219e+09 1.060907173156738281e+01 1.417415261268615723e+00
1.187008882429687500e+09 9.153704643249511719e+00 -9.853067994117736816e-01
1.187008882430175781e+09 7.507562637329101562e+00 -2.622565507888793945e+00
1.187008882430664062e+09 6.123353004455566406e+00 -3.182560920715332031e+00
1.187008882431152344e+09 5.461506843566894531e+00 -3.852206230163574219e+00
1.187008882431640625e+09 4.341229915618896484e+00 -4.846709251403808594e+00
1.187008882432128906e+09 2.793532848358154297e+00 -5.243005752563476562e+00
1.187008882432617188e+09 1.279004812240600586e+00 -4.975435733795166016e+00
1.187008882433105469e+09 3.664700388908386230e-01 -4.226832866668701172e+00
1.187008882433593750e+09 1.158505678176879883e-01 -3.725368499755859375e+00
1.187008882434082031e+09 -1.580892801284790039e-01 -3.592873573303222656e+00
1.187008882434570312e+09 -6.692413091659545898e-01 -3.534683227539062500e+00
1.187008882435058594e+09 -1.312922954559326172e+00 -3.103011131286621094e+00
1.187008882435546875e+09 -1.463343143463134766e+00 -2.419629335403442383e+00
1.187008882436035156e+09 -1.227791547775268555e+00 -2.374680757522583008e+00
1.187008882436523438e+09 -1.943879485130310059e+00 -2.606079339981079102e+00
1.187008882437011719e+09 -2.593456029891967773e+00 -2.017279624938964844e+00
1.187008882437500000e+09 -2.973351716995239258e+00 -1.371547937393188477e+00
1.187008882437988281e+09 -3.236762762069702148e+00 -3.676613569259643555e-01
1.187008882438476562e+09 -2.701494455337524414e+00 7.023223042488098145e-01
1.187008882438964844e+09 -1.804346084594726562e+00 9.932771921157836914e-01
1.187008882439453125e+09 -1.090129017829895020e+00 8.495209217071533203e-01
1.187008882439941406e+09 -8.136134147644042969e-01 3.129932880401611328e-01
1.187008882440429688e+09 -1.274520039558410645e+00 2.350113391876220703e-01
1.187008882440917969e+09 -1.255055189132690430e+00 6.335762739181518555e-01
1.187008882441406250e+09 -1.137223243713378906e+00 7.842576503753662109e-01
1.187008882441894531e+09 -1.064270734786987305e+00 1.218486189842224121e+00
1.187008882442382812e+09 -3.296811580657958984e-01 1.486767053604125977e+00
1.187008882442871094e+09 2.756884098052978516e-01 1.159959554672241211e+00
1.187008882443359375e+09 3.210649490356445312e-01 7.814874649047851562e-01
1.187008882443847656e+09 4.625829458236694336e-01 7.148129940032958984e-01
1.187008882444335938e+09 7.754411101341247559e-01 3.504457473754882812e-01
1.187008882444824219e+09 7.296541929244995117e-01 -3.153674602508544922e-01
1.187008882445312500e+09 2.695677280426025391e-01 -5.235522985458374023e-01
1.187008882445800781e+09 2.005333900451660156e-01 -9.134075641632080078e-01
1.187008882446289062e+09 -7.474000453948974609e-01 -1.343496322631835938e+00
1.187008882446777344e+09 -1.747136712074279785e+00 -4.293575882911682129e-01
1.187008882447265625e+09 -1.542980313301086426e+00 6.093934774398803711e-01
1.187008882447753906e+09 -1.099816918373107910e+00 1.151542901992797852e+00
1.187008882448242188e+09 -5.767052173614501953e-01 1.359318494796752930e+00
1.187008882448730469e+09 -1.305311918258666992e-01 1.416810274124145508e+00
1.187008882449218750e+09 3.750247955322265625e-01 1.239789605140686035e+00
1.187008882449707031e+09 6.498913764953613281e-01 9.250564575195312500e-01
1.187008882450195312e+09 8.914636373519897461e-01 7.141622304916381836e-01
1.187008882450683594e+09 1.052507400512695312e+00 2.397782802581787109e-01
1.187008882451171875e+09 9.661248922348022461e-01 -3.707528114318847656e-01
1.187008882451660156e+09 3.860084712505340576e-01 -6.263835430145263672e-01
1.187008882452148438e+09 3.652608394622802734e-02 -5.433700084686279297e-01
1.187008882452636719e+09 -3.860098719596862793e-01 -6.675105094909667969e-01
1.187008882453125000e+09 -1.014055967330932617e+00 -2.763944864273071289e-01
1.187008882453613281e+09 -1.215824723243713379e+00 6.304541826248168945e-01
1.187008882454101562e+09 -5.920460224151611328e-01 1.281985402107238770e+00
1.187008882454589844e+09 8.165061473846435547e-02 1.413311958312988281e+00
1.187008882455078125e+09 8.836399316787719727e-01 1.102442026138305664e+00
1.187008882455566406e+09 9.188154935836791992e-01 5.298584699630737305e-01
1.187008882456054688e+09 7.711262702941894531e-01 3.935231566429138184e-01
1.187008882456542969e+09 8.255494832992553711e-01 9.422022104263305664e-02
1.187008882457031250e+09 5.094741582870483398e-01 -1.976799964904785156e-02
1.187008882457519531e+09 5.381724834442138672e-01 4.769604206085205078e-01
1.187008882458007812e+09 1.398476481437683105e+00 2.858221530914306641e-01
1.187008882458496094e+09 1.290071725845336914e+00 -7.294583320617675781e-01
1.187008882458984375e+09 6.217187643051147461e-01 -6.912075281143188477e-01
1.187008882459472656e+09 5.930360555648803711e-01 -7.474030256271362305e-01
1.187008882459960938e+09 2.364457845687866211e-01 -7.864130139350891113e-01
1.187008882460449219e+09 1.190984249114990234e-02 -7.434183955192565918e-01
1.187008882460937500e+09 -2.612336277961730957e-01 -6.219699978828430176e-01
1.187008882461425781e+09 -5.089060068130493164e-01 -2.956510782241821289e-01
1.187008882461914062e+09 -1.513247787952423096e-01 1.891136169433593750e-02
1.187008882462402344e+09 1.724004745483398438e-03 -2.832336425781250000e-01
1.187008882462890625e+09 -3.636928796768188477e-01 -1.248624026775360107e-01
1.187008882463378906e+09 -6.622147560119628906e-02 1.583785414695739746e-01
1.187008882463867188e+09 -8.522796630859375000e-02 8.022785186767578125e-04
1.187008882464355469e+09 -1.033523678779602051e-02 9.365248680114746094e-02
1.187008882464843750e+09 1.970139741897583008e-01 2.510385513305664062e-01
1.187008882465332031e+09 5.639404058456420898e-01 -9.448468685150146484e-02
1.187008882465820312e+09 2.574425935745239258e-01 -6.463698148727416992e-01
1.187008882466308594e+09 -5.398440361022949219e-02 -6.975644826889038086e-01
1.187008882466796875e+09 -3.472547531127929688e-01 -6.670622825622558594e-01
1.187008882467285156e+09 -7.560068368911743164e-01 -8.188847899436950684e-01
1.187008882467773438e+09 -1.128940820693969727e+00 -3.146885633468627930e-01
1.187008882468261719e+09 -8.179360628128051758e-01 2.674858570098876953e-01
1.187008882468750000e+09 -6.566020846366882324e-01 3.377339839935302734e-01
1.187008882469238281e+09 -4.503062367439270020e-01 7.792312502861022949e-01
1.187008882469726562e+09 2.046204805374145508e-01 6.174520850181579590e-01
1.187008882470214844e+09 1.435921788215637207e-01 -1.029359400272369385e-01
1.187008882470703125e+09 -4.869170784950256348e-01 -2.385612726211547852e-01
1.187008882471191406e+09 -7.405345439910888672e-01 -3.872394561767578125e-02
1.187008882471679688e+09 -1.191208600997924805e+00 2.993449568748474121e-01
1.187008882472167969e+09 -1.077606081962585449e+00 1.164754629135131836e+00
1.187008882472656250e+09 -6.066051721572875977e-01 1.586649298667907715e+00
1.187008882473144531e+09 -1.499944925308227539e-01 1.956486582756042480e+00
1.187008882473632812e+09 8.449943065643310547e-01 2.122464656829833984e+00
1.187008882474121094e+09 1.830683469772338867e+00 1.756014466285705566e+00
1.187008882474609375e+09 2.789828777313232422e+00 7.004178762435913086e-01
1.187008882475097656e+09 2.409514665603637695e+00 -9.605723619461059570e-01
1.187008882475585938e+09 1.082999110221862793e+00 -1.291778564453125000e+00
1.187008882476074219e+09 8.756591677665710449e-01 -9.764066934585571289e-01
1.187008882476562500e+09 6.470840573310852051e-01 -1.310310602188110352e+00
1.187008882477050781e+09 7.341104745864868164e-02 -9.779387116432189941e-01
1.187008882477539062e+09 3.454974293708801270e-01 -9.290207028388977051e-01
1.187008882478027344e+09 1.487447023391723633e-01 -1.210490107536315918e+00
1.187008882478515625e+09 -3.599363565444946289e-01 -1.340272784233093262e+00
1.187008882479003906e+09 -1.022869348526000977e+00 -1.110929727554321289e+00
1.187008882479492188e+09 -1.321019053459167480e+00 -2.255014032125473022e-01
1.187008882479980469e+09 -9.313248395919799805e-01 3.027047514915466309e-01
1.187008882480468750e+09 -7.279739975929260254e-01 7.856299877166748047e-01
1.187008882480957031e+09 3.208470940589904785e-01 1.090001344680786133e+00
1.187008882481445312e+09 9.526724815368652344e-01 1.439470648765563965e-01
1.187008882481933594e+09 5.257722139358520508e-01 -2.749370634555816650e-01
1.187008882482421875e+09 7.035967111587524414e-01 -2.631861567497253418e-01
1.187008882482910156e+09 7.238019108772277832e-01 -9.329333901405334473e-01
1.187008882483398438e+09 1.553542613983154297e-01 -1.595509648323059082e+00
1.187008882483886719e+09 -1.032924056053161621e+00 -1.615761280059814453e+00
1.187008882484375000e+09 -1.711642980575561523e+00 -4.156407713890075684e-01
1.187008882484863281e+09 -1.151151180267333984e+00 5.229674577713012695e-01
1.187008882485351562e+09 -4.908409118652343750e-01 4.275379180908203125e-01
1.187008882485839844e+09 -2.910051643848419189e-01 1.819919943809509277e-01
1.187008882486328125e+09 -2.862181067466735840e-01 3.887331485748291016e-02
1.187008882486816406e+09 -3.419902622699737549e-01 1.016855239868164062e-02
1.187008882487304688e+09 -5.112627148628234863e-01 -7.386100292205810547e-02
1.187008882487792969e+09 -7.746475934982299805e-01 -2.630532979965209961e-01
1.187008882488281250e+09 -1.172142505645751953e+00 3.722258806228637695e-01
1.187008882488769531e+09 -8.121999502182006836e-01 1.110641479492187500e+00
1.187008882489257812e+09 9.480851888656616211e-02 1.204619407653808594e+00
1.187008882489746094e+09 4.802231788635253906e-01 4.807969331741333008e-01
1.187008882490234375e+09 1.963270902633666992e-01 -2.131414413452148438e-02
1.187008882490722656e+09 3.299331665039062500e-02 2.243054211139678955e-01
1.187008882491210938e+09 1.567363739013671875e-02 2.553237378597259521e-01
1.187008882491699219e+09 -6.268906593322753906e-02 2.037402987480163574e-01
1.187008882492187500e+09 -4.984855651855468750e-03 4.584758281707763672e-01
1.187008882492675781e+09 2.475873827934265137e-01 3.941234350204467773e-01
1.187008882493164062e+09 2.087544798851013184e-01 1.639626026153564453e-01
1.187008882493652344e+09 1.449973881244659424e-01 1.802951097488403320e-01
1.187008882494140625e+09 2.374296188354492188e-01 1.086076498031616211e-01
1.187008882494628906e+09 1.822203695774078369e-01 -4.022228717803955078e-02
1.187008882495117188e+09 -1.940051317214965820e-01 -1.895753741264343262e-01
1.187008882495605469e+09 -2.673490643501281738e-01 3.861570358276367188e-02
1.187008882496093750e+09 -3.619726598262786865e-01 2.442705631256103516e-02
1.187008882496582031e+09 -4.692111015319824219e-01 9.939110279083251953e-02
1.187008882497070312e+09 -3.299742937088012695e-01 4.843181371688842773e-01
1.187008882497558594e+09 -1.222520470619201660e-01 6.067081689834594727e-01
1.187008882498046875e+09 -1.240705847740173340e-01 7.542797327041625977e-01
1.187008882498535156e+09 2.360740303993225098e-01 8.128145337104797363e-01
1.187008882499023438e+09 2.210185527801513672e-01 9.518779516220092773e-01
1.187008882499511719e+09 7.791557908058166504e-01 1.136183023452758789e+00
1.187008882500000000e+09 1.561447024345397949e+00 7.578591108322143555e-01
1.187008882500488281e+09 1.932944774627685547e+00 -2.990344762802124023e-01
1.187008882500976562e+09 1.321482181549072266e+00 -1.254542827606201172e+00
1.187008882501464844e+09 4.189274907112121582e-01 -1.326776981353759766e+00
1.187008882501953125e+09 8.504527807235717773e-02 -1.149704456329345703e+00
1.187008882502441406e+09 -2.528971433639526367e-01 -1.083378791809082031e+00
1.187008882502929688e+09 -8.533707261085510254e-01 -9.965672492980957031e-01
1.187008882503417969e+09 -1.064152240753173828e+00 -4.045189619064331055e-01
1.187008882503906250e+09 -1.198688149452209473e+00 -4.209169745445251465e-01
1.187008882504394531e+09 -1.735885381698608398e+00 2.135556638240814209e-01
1.187008882504882812e+09 -1.331223249435424805e+00 1.148285627365112305e+00
1.187008882505371094e+09 -6.520107388496398926e-01 1.660538911819458008e+00
1.187008882505859375e+09 4.455238580703735352e-02 1.732540130615234375e+00
1.187008882506347656e+09 6.692218780517578125e-01 1.638024568557739258e+00
1.187008882506835938e+09 1.303812861442565918e+00 1.259716272354125977e+00
1.187008882507324219e+09 1.417030692100524902e+00 7.558247447013854980e-01
1.187008882507812500e+09 1.565801143646240234e+00 3.531500101089477539e-01
1.187008882508300781e+09 1.747564315795898438e+00 -6.407380104064941406e-02
1.187008882508789062e+09 1.723169088363647461e+00 -9.905660748481750488e-01
1.187008882509277344e+09 8.851923346519470215e-01 -1.471885085105895996e+00
1.187008882509765625e+09 3.786996006965637207e-01 -1.309020996093750000e+00
1.187008882510253906e+09 2.465069293975830078e-03 -1.136879920959472656e+00
1.187008882510742188e+09 -1.600959300994873047e-01 -6.718003749847412109e-01
1.187008882511230469e+09 2.305796742439270020e-01 -5.943576097488403320e-01
1.187008882511718750e+09 1.060738414525985718e-01 -1.151782751083374023e+00
1.187008882512207031e+09 -4.214187860488891602e-01 -9.557529687881469727e-01
