1.187008882341308594e+09 -7.847528457641601562e-01 3.649872541427612305e-01
1.187008882341796875e+09 -3.205278217792510986e-01 5.514636635780334473e-01
1.187008882342285156e+09 -2.249403297901153564e-02 3.802616596221923828e-01
1.187008882342773438e+09 -8.648470044136047363e-03 1.558523476123809814e-01
1.187008882343261719e+09 -3.629385679960250854e-02 9.477622807025909424e-02
1.187008882343750000e+09 -1.756191700696945190e-01 -7.196669280529022217e-02
1.187008882344238281e+09 -2.898857593536376953e-01 6.705334782600402832e-02
1.187008882344726562e+09 -2.489508986473083496e-01 2.773879468441009521e-02
1.187008882345214844e+09 -3.763870000839233398e-01 1.412580609321594238e-01
1.187008882345703125e+09 -4.687527120113372803e-01 3.951780200004577637e-01
1.187008882346191406e+09 -2.947705984115600586e-01 6.438621282577514648e-01
1.187008882346679688e+09 -7.821936905384063721e-02 5.590809583663940430e-01
1.187008882347167969e+09 -3.119778633117675781e-02 7.314631938934326172e-01
1.187008882347656250e+09 1.613403111696243286e-01 7.939831018447875977e-01
1.187008882348144531e+09 4.654264748096466064e-01 9.299389123916625977e-01
1.187008882348632812e+09 8.271894454956054688e-01 7.094488739967346191e-01
1.187008882349121094e+09 1.085166811943054199e+00 3.697346150875091553e-01
1.187008882349609375e+09 1.247133016586303711e+00 1.723994612693786621e-01
1.187008882350097656e+09 1.548308372497558594e+00 -1.947924494743347168e-01
1.187008882350585938e+09 1.469059228897094727e+00 -1.004924058914184570e+00
1.187008882351074219e+09 7.429578304290771484e-01 -1.315114021301269531e+00
1.187008882351562500e+09 1.958943009376525879e-01 -1.152214288711547852e+00
1.187008882352050781e+09 3.157591819763183594e-02 -1.004512786865234375e+00
1.187008882352539062e+09 -2.335293292999267578e-01 -9.001103639602661133e-01
1.187008882353027344e+09 -3.776144981384277344e-01 -6.475447416305541992e-01
1.187008882353515625e+09 -2.246196269989013672e-01 -4.350078999996185303e-01
1.187008882354003906e+09 -5.080169439315795898e-02 -5.730971097946166992e-01
1.187008882354492188e+09 -1.794278919696807861e-01 -8.709558248519897461e-01
1.187008882354980469e+09 -6.501199603080749512e-01 -9.422313570976257324e-01
1.187008882355468750e+09 -1.029438734054565430e+00 -5.872923135757446289e-01
1.187008882355957031e+09 -1.178190708160400391e+00 -5.811735987663269043e-02
1.187008882356445312e+09 -9.494735002517700195e-01 3.704866170883178711e-01
1.187008882356933594e+09 -6.878983974456787109e-01 6.439316272735595703e-01
1.187008882357421875e+09 -2.517747282981872559e-01 7.586876153945922852e-01
1.187008882357910156e+09 1.987707614898681641e-02 5.553222298622131348e-01
1.187008882358398438e+09 7.933881878852844238e-02 4.404901862144470215e-01
1.187008882358886719e+09 1.438643783330917358e-01 4.111172258853912354e-01
1.187008882359375000e+09 2.411170601844787598e-01 3.992605805397033691e-01
1.187008882359863281e+09 3.160793781280517578e-01 3.094485998153686523e-01
1.187008882360351562e+09 5.711029767990112305e-01 3.780472278594970703e-01
1.187008882360839844e+09 1.145641088485717773e+00 2.399757951498031616e-01
1.187008882361328125e+09 1.417839765548706055e+00 -6.338722109794616699e-01
1.187008882361816406e+09 9.221054315567016602e-01 -1.356256723403930664e+00
1.187008882362304688e+09 3.077095150947570801e-01 -1.627876996994018555e+00
1.187008882362792969e+09 -3.073305487632751465e-01 -1.707809448242187500e+00
1.187008882363281250e+09 -9.425333738327026367e-01 -1.541671395301818848e+00
1.187008882363769531e+09 -1.467963218688964844e+00 -1.252332925796508789e+00
1.187008882364257812e+09 -1.781325578689575195e+00 -6.982074975967407227e-01
1.187008882364746094e+09 -1.775643825531005859e+00 -2.342641055583953857e-01
1.187008882365234375e+09 -1.901144862174987793e+00 1.097559630870819092e-01
1.187008882365722656e+09 -1.783528804779052734e+00 6.815402507781982422e-01
1.187008882366210938e+09 -1.317877769470214844e+00 1.169944286346435547e+00
1.187008882366699219e+09 -8.036203384399414062e-01 1.217258572578430176e+00
1.187008882367187500e+09 -6.445707082748413086e-01 1.003739833831787109e+00
1.187008882367675781e+09 -7.919076681137084961e-01 9.150292277336120605e-01
1.187008882368164062e+09 -8.880544900894165039e-01 1.256577730178833008e+00
1.187008882368652344e+09 -6.408874988555908203e-01 1.720195293426513672e+00
1.187008882369140625e+09 -3.992855548858642578e-01 1.832770347595214844e+00
1.187008882369628906e+09 -3.431882560253143311e-01 2.167918205261230469e+00
1.187008882370117188e+09 3.337906897068023682e-01 2.811897516250610352e+00
1.187008882370605469e+09 1.616429805755615234e+00 2.756806135177612305e+00
1.187008882371093750e+09 2.556278705596923828e+00 1.760045289993286133e+00
1.187008882371582031e+09 2.772961378097534180e+00 5.234611034393310547e-01
1.187008882372070312e+09 2.439849853515625000e+00 -2.937187850475311279e-01
1.187008882372558594e+09 1.895495176315307617e+00 -7.983644604682922363e-01
1.187008882373046875e+09 1.313586950302124023e+00 -9.213485717773437500e-01
1.187008882373535156e+09 8.506246209144592285e-01 -5.919103622436523438e-01
1.187008882374023438e+09 9.788526892662048340e-01 -4.308793246746063232e-01
1.187008882374511719e+09 8.960344791412353516e-01 -6.357729434967041016e-01
1.187008882375000000e+09 6.876690983772277832e-01 -7.005751132965087891e-01
1.187008882375488281e+09 5.458605885505676270e-01 -7.908207178115844727e-01
1.187008882375976562e+09 3.498713076114654541e-01 -8.056466579437255859e-01
1.187008882376464844e+09 1.136043667793273926e-01 -8.370089530944824219e-01
1.187008882376953125e+09 -9.456114470958709717e-02 -8.250023722648620605e-01
1.187008882377441406e+09 -2.868999838829040527e-01 -5.782033205032348633e-01
1.187008882377929688e+09 -3.347170352935791016e-01 -2.449535876512527466e-01
1.187008882378417969e+09 -1.498515605926513672e-01 -1.168053150177001953e-01
1.187008882378906250e+09 6.613455712795257568e-02 -7.429373264312744141e-02
1.187008882379394531e+09 1.682366579771041870e-01 -9.228456020355224609e-02
1.187008882379882812e+09 3.615862727165222168e-01 -1.750083267688751221e-01
1.187008882380371094e+09 5.347199440002441406e-01 -5.445056557655334473e-01
1.187008882380859375e+09 3.192132413387298584e-01 -9.199153184890747070e-01
1.187008882381347656e+09 -2.477002441883087158e-01 -1.032239675521850586e+00
1.187008882381835938e+09 -5.628564357757568359e-01 -6.467146873474121094e-01
1.187008882382324219e+09 -4.499053359031677246e-01 -3.290592432022094727e-01
1.187008882382812500e+09 -2.532391548156738281e-01 -4.183062911033630371e-01
1.187008882383300781e+09 -3.574534952640533447e-01 -5.379036068916320801e-01
1.187008882383789062e+09 -4.497314095497131348e-01 -8.069630265235900879e-01
1.187008882384277344e+09 -9.489857554435729980e-01 -7.357298731803894043e-01
1.187008882384765625e+09 -1.286516904830932617e+00 -3.797691464424133301e-01
1.187008882385253906e+09 -1.384351730346679688e+00 1.108495742082595825e-01
1.187008882385742188e+09 -1.287212848663330078e+00 8.066822290420532227e-01
1.187008882386230469e+09 -7.220623493194580078e-01 1.289927482604980469e+00
1.187008882386718750e+09 -5.868463963270187378e-02 1.209722995758056641e+00
1.187008882387207031e+09 3.367717862129211426e-01 9.364334940910339355e-01
1.187008882387695312e+09 5.248162746429443359e-01 6.039593219757080078e-01
1.187008882388183594e+09 5.689576864242553711e-01 3.898605704307556152e-01
1.187008882388671875e+09 6.298731565475463867e-01 2.438383400440216064e-01
1.187008882389160156e+09 7.432328462600708008e-01 -4.221770167350769043e-02
1.187008882389648438e+09 5.934554934501647949e-01 -4.071988463401794434e-01
1.187008882390136719e+09 3.522765934467315674e-01 -5.266681909561157227e-01
1.187008882390625000e+09 1.641068905591964722e-01 -7.539958953857421875e-01
1.187008882391113281e+09 -2.745195627212524414e-01 -5.896183252334594727e-01
1.187008882391601562e+09 -4.757547676563262939e-01 -1.769254654645919800e-01
1.187008882392089844e+09 -2.550550997257232666e-01 1.174047589302062988e-01
1.187008882392578125e+09 1.763475686311721802e-02 -7.252213358879089355e-02
1.187008882393066406e+09 -7.728500664234161377e-02 -2.060175240039825439e-01
1.187008882393554688e+09 -2.066792547702789307e-01 -3.362804651260375977e-01
1.187008882394042969e+09 -3.306284546852111816e-01 -3.306179642677307129e-01
1.187008882394531250e+09 -2.885741293430328369e-01 -2.081322222948074341e-01
1.187008882395019531e+09 -2.426667809486389160e-01 -2.125715315341949463e-01
1.187008882395507812e+09 -2.204730659723281860e-01 -3.378668725490570068e-01
1.187008882395996094e+09 -3.653437793254852295e-01 -4.519641995429992676e-01
1.187008882396484375e+09 -6.271756887435913086e-01 -5.091491937637329102e-01
1.187008882396972656e+09 -1.001633167266845703e+00 -4.061533212661743164e-01
1.187008882397460938e+09 -1.295395851135253906e+00 -3.571625053882598877e-02
1.187008882397949219e+09 -1.387697577476501465e+00 5.352771282196044922e-01
1.187008882398437500e+09 -1.130068302154541016e+00 1.059242010116577148e+00
1.187008882398925781e+09 -6.722611188888549805e-01 1.375080466270446777e+00
1.187008882399414062e+09 -2.016598880290985107e-01 1.348922491073608398e+00
1.187008882399902344e+09 3.983879089355468750e-02 1.077553272247314453e+00
1.187008882400390625e+09 -3.645115345716476440e-02 9.344299435615539551e-01
1.187008882400878906e+09 -8.082866668701171875e-02 1.237527847290039062e+00
1.187008882401367188e+09 3.539862334728240967e-01 1.447462558746337891e+00
1.187008882401855469e+09 7.669488787651062012e-01 1.262091875076293945e+00
1.187008882402343750e+09 1.099971771240234375e+00 1.143275022506713867e+00
1.187008882402832031e+09 1.680399298667907715e+00 7.860863804817199707e-01
1.187008882403320312e+09 1.758584856986999512e+00 -9.488123655319213867e-02
1.187008882403808594e+09 1.162971854209899902e+00 -5.588392615318298340e-01
1.187008882404296875e+09 6.560348272323608398e-01 -6.183307170867919922e-01
1.187008882404785156e+09 4.260475039482116699e-01 -4.403793811798095703e-01
1.187008882405273438e+09 2.974379658699035645e-01 -1.060684025287628174e-01
1.187008882405761719e+09 5.610225200653076172e-01 2.226023674011230469e-01
1.187008882406250000e+09 1.074981927871704102e+00 -1.798066496849060059e-02
1.187008882406738281e+09 1.284325122833251953e+00 -4.772847592830657959e-01
1.187008882407226562e+09 1.097354412078857422e+00 -9.752120375633239746e-01
1.187008882407714844e+09 9.901353120803833008e-01 -1.326795578002929688e+00
1.187008882408203125e+09 5.642080307006835938e-01 -1.668611645698547363e+00
1.187008882408691406e+09 -2.170423865318298340e-01 -1.727192401885986328e+00
1.187008882409179688e+09 -5.555258989334106445e-01 -1.196680068969726562e+00
1.187008882409667969e+09 -4.536652565002441406e-01 -1.079124808311462402e+00
1.187008882410156250e+09 -7.048332095146179199e-01 -1.151011824607849121e+00
1.187008882410644531e+09 -1.100543856620788574e+00 -8.105542659759521484e-01
1.187008882411132812e+09 -1.151170611381530762e+00 -4.602509438991546631e-01
1.187008882411621094e+09 -1.182694196701049805e+00 -1.742187440395355225e-01
1.187008882412109375e+09 -1.018685817718505859e+00 2.710852622985839844e-01
1.187008882412597656e+09 -6.821276545524597168e-01 5.396193265914916992e-01
1.187008882413085938e+09 -4.179222583770751953e-01 4.666177034378051758e-01
1.187008882413574219e+09 -3.740089535713195801e-01 3.030044734477996826e-01
1.187008882414062500e+09 -5.407429933547973633e-01 4.009424448013305664e-01
1.187008882414550781e+09 -5.012825727462768555e-01 7.557461261749267578e-01
1.187008882415039062e+09 -1.366809755563735962e-01 8.978059887886047363e-01
1.187008882415527344e+09 9.161415696144104004e-02 8.523311614990234375e-01
1.187008882416015625e+09 3.212460875511169434e-01 9.401360750198364258e-01
1.187008882416503906e+09 7.089647650718688965e-01 7.758166790008544922e-01
1.187008882416992188e+09 1.109675645828247070e+00 5.594329833984375000e-01
1.187008882417480469e+09 1.355125784873962402e+00 -1.383732259273529053e-01
1.187008882417968750e+09 1.161617040634155273e+00 -7.868270277976989746e-01
1.187008882418457031e+09 5.834347009658813477e-01 -1.167652845382690430e+00
1.187008882418945312e+09 1.052544414997100830e-01 -1.058542728424072266e+00
1.187008882419433594e+09 -7.344281673431396484e-02 -1.043421745300292969e+00
1.187008882419921875e+09 -3.171661794185638428e-01 -8.624137043952941895e-01
1.187008882420410156e+09 -3.292288184165954590e-01 -8.232995867729187012e-01
1.187008882420898438e+09 -4.201040863990783691e-01 -1.130469560623168945e+00
1.187008882421386719e+09 -1.138833284378051758e+00 -1.096364140510559082e+00
1.187008882421875000e+09 -1.651291131973266602e+00 -5.869137644767761230e-01
1.187008882422363281e+09 -1.849714517593383789e+00 -1.520814001560211182e-01
1.187008882422851562e+09 -2.041140079498291016e+00 4.109255671501159668e-01
1.187008882423339844e+09 -1.997291922569274902e+00 1.121318936347961426e+00
1.187008882423828125e+09 -1.477891087532043457e+00 1.794845104217529297e+00
1.187008882424316406e+09 -9.982341527938842773e-01 2.056555271148681641e+00
1.187008882424804688e+09 -5.231696367263793945e-01 2.425066709518432617e+00
1.187008882425292969e+09 3.717924356460571289e-01 2.756477832794189453e+00
1.187008882425781250e+09 1.384577989578247070e+00 2.410868883132934570e+00
1.187008882426269531e+09 1.628468990325927734e+00 1.530149459838867188e+00
1.187008882426757812e+09 1.466799855232238770e+00 1.302583217620849609e+00
1.187008882427246094e+09 1.726215124130249023e+00 1.195608377456665039e+00
1.187008882427734375e+09 2.108373165130615234e+00 9.760668277740478516e-01
1.187008882428222656e+09 2.532339572906494141e+00 4.701040685176849365e-01
1.187008882428710938e+09 2.715652942657470703e+00 -3.453508317470550537e-01
1.187008882429199219e+09 2.539729595184326172e+00 -1.013750553131103516e+00
1.187008882429687500e+09 2.174670457839965820e+00 -1.534610986709594727e+00
1.187008882430175781e+09 1.698238849639892578e+00 -1.937129259109497070e+00
1.187008882430664062e+09 1.269785046577453613e+00 -2.042733430862426758e+00
1.187008882431152344e+09 1.025445342063903809e+00 -2.265791416168212891e+00
1.187008882431640625e+09 5.754123330116271973e-01 -2.660593509674072266e+00
1.187008882432128906e+09 -2.687333226203918457e-01 -2.862471342086791992e+00
1.187008882432617188e+09 -9.889371395111083984e-01 -2.576889514923095703e+00
1.187008882433105469e+09 -1.581909656524658203e+00 -2.177543878555297852e+00
1.187008882433593750e+09 -1.861396312713623047e+00 -1.634895443916320801e+00
1.187008882434082031e+09 -2.114845275878906250e+00 -1.428611874580383301e+00
1.187008882434570312e+09 -2.621190071105957031e+00 -1.008293390274047852e+00
1.187008882435058594e+09 -2.899209022521972656e+00 -1.161317527294158936e-01
1.187008882435546875e+09 -2.512051105499267578e+00 6.967883110046386719e-01
1.187008882436035156e+09 -2.019179821014404297e+00 1.048314094543457031e+00
1.187008882436523438e+09 -1.599750280380249023e+00 1.301886558532714844e+00
1.187008882437011719e+09 -1.047083616256713867e+00 1.294885039329528809e+00
1.187008882437500000e+09 -7.816556096076965332e-01 1.190357446670532227e+00
1.187008882437988281e+09 -5.828449130058288574e-01 1.272343516349792480e+00
1.187008882438476562e+09 -2.503173351287841797e-01 1.084570884704589844e+00
1.187008882438964844e+09 -1.888800859451293945e-01 7.663559317588806152e-01
1.187008882439453125e+09 -2.756966650485992432e-01 7.559747099876403809e-01
1.187008882439941406e+09 -2.494158148765563965e-01 9.197804927825927734e-01
1.187008882440429688e+09 -1.104081273078918457e-01 9.812817573547363281e-01
1.187008882440917969e+09 4.760444164276123047e-02 8.927240967750549316e-01
1.187008882441406250e+09 7.720245420932769775e-02 7.903702259063720703e-01
1.187008882441894531e+09 6.070598959922790527e-02 9.031062722206115723e-01
1.187008882442382812e+09 2.193618416786193848e-01 1.061235070228576660e+00
1.187008882442871094e+09 5.157679319381713867e-01 1.008296132087707520e+00
1.187008882443359375e+09 6.444020271301269531e-01 7.800584435462951660e-01
1.187008882443847656e+09 6.774354577064514160e-01 9.148058891296386719e-01
1.187008882444335938e+09 1.096537709236145020e+00 7.307184338569641113e-01
1.187008882444824219e+09 1.246300458908081055e+00 2.212181091308593750e-01
1.187008882445312500e+09 9.890884757041931152e-01 -1.156122088432312012e-01
1.187008882445800781e+09 7.165663838386535645e-01 -1.474486589431762695e-01
1.187008882446289062e+09 5.856683254241943359e-01 -2.433655858039855957e-01
1.187008882446777344e+09 2.847858071327209473e-01 -7.159814238548278809e-02
1.187008882447265625e+09 4.108852148056030273e-01 3.601733148097991943e-01
1.187008882447753906e+09 9.830016493797302246e-01 2.020926773548126221e-01
1.187008882448242188e+09 1.059568166732788086e+00 -4.250934123992919922e-01
1.187008882448730469e+09 5.802799463272094727e-01 -6.317517161369323730e-01
1.187008882449218750e+09 2.217283844947814941e-01 -5.289295315742492676e-01
1.187008882449707031e+09 -8.765053749084472656e-02 -3.895138502120971680e-01
1.187008882450195312e+09 -1.851940751075744629e-01 1.119014918804168701e-01
1.187008882450683594e+09 2.791600823402404785e-01 4.957347512245178223e-01
1.187008882451171875e+09 9.640083909034729004e-01 9.513878822326660156e-02
1.187008882451660156e+09 7.742069959640502930e-01 -5.930573344230651855e-01
1.187008882452148438e+09 1.440684795379638672e-01 -6.059522628784179688e-01
1.187008882452636719e+09 -5.088210105895996094e-02 -1.093270480632781982e-01
1.187008882453125000e+09 2.882463932037353516e-01 1.960995197296142578e-01
1.187008882453613281e+09 6.349388957023620605e-01 1.188206076622009277e-01
1.187008882454101562e+09 8.915764093399047852e-01 -2.174463272094726562e-01
1.187008882454589844e+09 8.508166074752807617e-01 -5.288637876510620117e-01
1.187008882455078125e+09 6.570967435836791992e-01 -7.453175783157348633e-01
1.187008882455566406e+09 4.852947890758514404e-01 -7.489100098609924316e-01
1.187008882456054688e+09 4.176414608955383301e-01 -6.954153776168823242e-01
1.187008882456542969e+09 6.656637191772460938e-01 -7.938926815986633301e-01
1.187008882457031250e+09 6.550887227058410645e-01 -1.235678195953369141e+00
1.187008882457519531e+09 2.800797820091247559e-01 -1.546061754226684570e+00
1.187008882458007812e+09 3.976702690124511719e-02 -1.721142649650573730e+00
1.187008882458496094e+09 -2.924151420593261719e-01 -1.888034343719482422e+00
1.187008882458984375e+09 -8.730406761169433594e-01 -2.061214447021484375e+00
1.187008882459472656e+09 -1.575728774070739746e+00 -1.814617633819580078e+00
1.187008882459960938e+09 -2.002679586410522461e+00 -1.405483961105346680e+00
1.187008882460449219e+09 -2.356776237487792969e+00 -6.839286088943481445e-01
1.187008882460937500e+09 -2.362973690032958984e+00 7.568824291229248047e-02
1.187008882461425781e+09 -2.004286289215087891e+00 7.374064326286315918e-01
1.187008882461914062e+09 -1.290035963058471680e+00 1.114700317382812500e+00
1.187008882462402344e+09 -5.533242225646972656e-01 8.292326927185058594e-01
1.187008882462890625e+09 -6.945752501487731934e-01 1.206617355346679688e-01
1.187008882463378906e+09 -1.269287109375000000e+00 2.453398704528808594e-01
1.187008882463867188e+09 -1.186234831809997559e+00 5.756410956382751465e-01
1.187008882464355469e+09 -1.122839093208312988e+00 4.770604670047760010e-01
1.187008882464843750e+09 -1.382236242294311523e+00 7.373003959655761719e-01
1.187008882465332031e+09 -1.482654809951782227e+00 1.085415124893188477e+00
1.187008882465820312e+09 -1.450088858604431152e+00 1.539697647094726562e+00
1.187008882466308594e+09 -1.321188449859619141e+00 2.028811693191528320e+00
1.187008882466796875e+09 -8.609713912010192871e-01 2.531289100646972656e+00
1.187008882467285156e+09 -5.806332826614379883e-02 2.971061944961547852e+00
1.187008882467773438e+09 1.138154029846191406e+00 2.862592935562133789e+00
1.187008882468261719e+09 1.960909247398376465e+00 2.033575534820556641e+00
1.187008882468750000e+09 1.959398746490478516e+00 1.112493515014648438e+00
1.187008882469238281e+09 1.700942993164062500e+00 8.734437823295593262e-01
1.187008882469726562e+09 1.853683948516845703e+00 4.737964570522308350e-01
1.187008882470214844e+09 1.588322758674621582e+00 -9.329372644424438477e-02
1.187008882470703125e+09 1.321495294570922852e+00 -8.054631948471069336e-02
1.187008882471191406e+09 1.238450646400451660e+00 -2.563035488128662109e-01
1.187008882471679688e+09 1.139126539230346680e+00 -3.983188271522521973e-01
1.187008882472167969e+09 1.032316207885742188e+00 -6.177653074264526367e-01
1.187008882472656250e+09 7.401190400123596191e-01 -9.242172837257385254e-01
1.187008882473144531e+09 1.812266707420349121e-01 -9.921377897262573242e-01
1.187008882473632812e+09 -2.215915322303771973e-01 -5.952506661415100098e-01
1.187008882474121094e+09 -1.880679428577423096e-01 -2.168148756027221680e-02
1.187008882474609375e+09 5.275389552116394043e-02 2.131999731063842773e-01
1.187008882475097656e+09 2.255787998437881470e-01 4.521309137344360352e-01
1.187008882475585938e+09 8.188505172729492188e-01 7.290225625038146973e-01
1.187008882476074219e+09 1.508614540100097656e+00 4.678224921226501465e-01
1.187008882476562500e+09 1.792871475219726562e+00 -2.895645499229431152e-01
1.187008882477050781e+09 1.601696372032165527e+00 -8.289448022842407227e-01
1.187008882477539062e+09 1.465169668197631836e+00 -1.390652656555175781e+00
1.187008882478027344e+09 1.222322463989257812e+00 -1.679011344909667969e+00
1.187008882478515625e+09 8.887928724288940430e-01 -2.227949857711791992e+00
1.187008882479003906e+09 1.247045397758483887e-01 -2.709033966064453125e+00
1.187008882479492188e+09 -8.937283754348754883e-01 -2.515952348709106445e+00
1.187008882479980469e+09 -1.498757362365722656e+00 -1.920883178710937500e+00
1.187008882480468750e+09 -1.850536704063415527e+00 -1.452773094177246094e+00
1.187008882480957031e+09 -2.058611869812011719e+00 -7.727552056312561035e-01
1.187008882481445312e+09 -1.814498901367187500e+00 -1.228947043418884277e-01
1.187008882481933594e+09 -1.604329109191894531e+00 -6.423652172088623047e-02
1.187008882482421875e+09 -1.794582128524780273e+00 2.865031957626342773e-01
1.187008882482910156e+09 -1.666083335876464844e+00 9.039265513420104980e-01
1.187008882483398438e+09 -1.101628780364990234e+00 1.482963681221008301e+00
1.187008882483886719e+09 -1.583826541900634766e-01 1.741604447364807129e+00
1.187008882484375000e+09 8.576167225837707520e-01 1.238715291023254395e+00
1.187008882484863281e+09 9.793262481689453125e-01 -2.650791779160499573e-02
1.187008882485351562e+09 4.522131681442260742e-01 -5.005929470062255859e-01
1.187008882485839844e+09 3.965935111045837402e-02 -5.914030075073242188e-01
1.187008882486328125e+09 -3.313956260681152344e-01 -6.211946606636047363e-01
1.187008882486816406e+09 -8.255876302719116211e-01 -4.594214260578155518e-01
1.187008882487304688e+09 -9.738087058067321777e-01 1.633558869361877441e-01
1.187008882487792969e+09 -7.030276060104370117e-01 3.673222661018371582e-01
1.187008882488281250e+09 -5.510864257812500000e-01 3.316974639892578125e-01
1.187008882488769531e+09 -5.535659193992614746e-01 5.780455470085144043e-01
1.187008882489257812e+09 -8.013162016868591309e-02 7.931157350540161133e-01
1.187008882489746094e+09 3.690647482872009277e-01 2.707909345626831055e-01
1.187008882490234375e+09 1.874750852584838867e-02 -1.477543711662292480e-01
1.187008882490722656e+09 -3.565280437469482422e-01 -2.859085798263549805e-02
1.187008882491210938e+09 -1.591054201126098633e-01 1.858984827995300293e-01
1.187008882491699219e+09 -1.733062565326690674e-01 -5.288439989089965820e-02
1.187008882492187500e+09 -5.831840634346008301e-01 -6.631737947463989258e-02
1.187008882492675781e+09 -7.028505802154541016e-01 1.185974478721618652e-01
1.187008882493164062e+09 -6.726156473159790039e-01 5.345346331596374512e-01
1.187008882493652344e+09 -5.511411428451538086e-01 5.671597123146057129e-01
1.187008882494140625e+09 -7.178837656974792480e-01 7.103830575942993164e-01
1.187008882494628906e+09 -6.544335484504699707e-01 9.893853068351745605e-01
1.187008882495117188e+09 -3.861429095268249512e-01 1.353450894355773926e+00
1.187008882495605469e+09 -1.530349254608154297e-03 1.367549180984497070e+00
1.187008882496093750e+09 3.302133083343505859e-02 1.384166479110717773e+00
1.187008882496582031e+09 2.651251554489135742e-01 1.855918884277343750e+00
1.187008882497070312e+09 9.829534292221069336e-01 1.880465269088745117e+00
1.187008882497558594e+09 1.372293710708618164e+00 1.545480251312255859e+00
1.187008882498046875e+09 1.558702707290649414e+00 1.473216652870178223e+00
1.187008882498535156e+09 2.222367048263549805e+00 1.610638380050659180e+00
1.187008882499023438e+09 3.462486267089843750e+00 1.184123158454895020e+00
1.187008882499511719e+09 4.148803710937500000e+00 -6.148424148559570312e-01
1.187008882500000000e+09 3.380702495574951172e+00 -2.393271923065185547e+00
1.187008882500488281e+09 1.995772719383239746e+00 -2.956948995590209961e+00
1.187008882500976562e+09 1.053082227706909180e+00 -2.913543701171875000e+00
1.187008882501464844e+09 5.044174790382385254e-01 -2.832660675048828125e+00
1.187008882501953125e+09 -1.813042759895324707e-01 -2.758728742599487305e+00
1.187008882502441406e+09 -5.671852231025695801e-01 -2.362583160400390625e+00
1.187008882502929688e+09 -7.231148481369018555e-01 -2.182601928710937500e+00
1.187008882503417969e+09 -9.887861609458923340e-01 -2.237493753433227539e+00
1.187008882503906250e+09 -1.741476774215698242e+00 -2.103922843933105469e+00
1.187008882504394531e+09 -2.313355207443237305e+00 -1.408152222633361816e+00
1.187008882504882812e+09 -2.493891239166259766e+00 -6.204379200935363770e-01
1.187008882505371094e+09 -2.298188924789428711e+00 2.026214599609375000e-01
1.187008882505859375e+09 -1.813475489616394043e+00 6.959800720214843750e-01
1.187008882506347656e+09 -1.265199422836303711e+00 8.723212480545043945e-01
1.187008882506835938e+09 -9.447144269943237305e-01 6.913516521453857422e-01
1.187008882507324219e+09 -9.653803706169128418e-01 5.040594935417175293e-01
1.187008882507812500e+09 -1.178079605102539062e+00 6.088265180587768555e-01
1.187008882508300781e+09 -1.201816558837890625e+00 9.293937683105468750e-01
1.187008882508789062e+09 -9.322146773338317871e-01 1.401222825050354004e+00
1.187008882509277344e+09 -4.945712089538574219e-01 1.639198899269104004e+00
1.187008882509765625e+09 1.352226734161376953e-02 1.709126949310302734e+00
1.187008882510253906e+09 5.162746906280517578e-01 1.487201452255249023e+00
1.187008882510742188e+09 1.028981685638427734e+00 1.153636217117309570e+00
1.187008882511230469e+09 1.274276971817016602e+00 4.215347766876220703e-01
1.187008882511718750e+09 9.242366552352905273e-01 -2.385219335556030273e-01
1.187008882512207031e+09 4.053095281124114990e-01 -4.284811913967132568e-01
