1.187008882382324219e+09 -4.499053359031677246e-01 -3.290592432022094727e-01
1.187008882382812500e+09 -2.532391548156738281e-01 -4.183062911033630371e-01
1.187008882383300781e+09 -3.574534952640533447e-01 -5.379036068916320801e-01
1.187008882383789062e+09 -4.497314095497131348e-01 -8.069630265235900879e-01
1.187008882384277344e+09 -9.489857554435729980e-01 -7.357298731803894043e-01
1.187008882384765625e+09 -1.286516904830932617e+00 -3.797691464424133301e-01
1.187008882385253906e+09 -1.384351730346679688e+00 1.108495742082595825e-01
1.187008882385742188e+09 -1.287212848663330078e+00 8.066822290420532227e-01
1.187008882386230469e+09 -7.220623493194580078e-01 1.289927482604980469e+00
1.187008882386718750e+09 -5.868463963270187378e-02 1.209722995758056641e+00
1.187008882387207031e+09 3.367717862129211426e-01 9.364334940910339355e-01
1.187008882387695312e+09 5.248162746429443359e-01 6.039593219757080078e-01
1.187008882388183594e+09 5.689576864242553711e-01 3.898605704307556152e-01
1.187008882388671875e+09 6.298731565475463867e-01 2.438383400440216064e-01
1.187008882389160156e+09 7.432328462600708008e-01 -4.221770167350769043e-02
1.187008882389648438e+09 5.934554934501647949e-01 -4.071988463401794434e-01
1.187008882390136719e+09 3.522765934467315674e-01 -5.266681909561157227e-01
1.187008882390625000e+09 1.641068905591964722e-01 -7.539958953857421875e-01
1.187008882391113281e+09 -2.745195627212524414e-01 -5.896183252334594727e-01
1.187008882391601562e+09 -4.757547676563262939e-01 -1.769254654645919800e-01
1.187008882392089844e+09 -2.550550997257232666e-01 1.174047589302062988e-01
1.187008882392578125e+09 1.763475686311721802e-02 -7.252213358879089355e-02
1.187008882393066406e+09 -7.728500664234161377e-02 -2.060175240039825439e-01
1.187008882393554688e+09 -2.066792547702789307e-01 -3.362804651260375977e-01
1.187008882394042969e+09 -3.306284546852111816e-01 -3.306179642677307129e-01
1.187008882394531250e+09 -2.885741293430328369e-01 -2.081322222948074341e-01
1.187008882395019531e+09 -2.426667809486389160e-01 -2.125715315341949463e-01
1.187008882395507812e+09 -2.204730659723281860e-01 -3.378668725490570068e-01
1.187008882395996094e+09 -3.653437793254852295e-01 -4.519641995429992676e-01
1.187008882396484375e+09 -6.271756887435913086e-01 -5.091491937637329102e-01
1.187008882396972656e+09 -1.001633167266845703e+00 -4.061533212661743164e-01
1.187008882397460938e+09 -1.295395851135253906e+00 -3.571625053882598877e-02
1.187008882397949219e+09 -1.387697577476501465e+00 5.352771282196044922e-01
1.187008882398437500e+09 -1.130068302154541016e+00 1.059242010116577148e+00
1.187008882398925781e+09 -6.722611188888549805e-01 1.375080466270446777e+00
1.187008882399414062e+09 -2.016598880290985107e-01 1.348922491073608398e+00
1.187008882399902344e+09 3.983879089355468750e-02 1.077553272247314453e+00
1.187008882400390625e+09 -3.645115345716476440e-02 9.344299435615539551e-01
1.187008882400878906e+09 -8.082866668701171875e-02 1.237527847290039062e+00
1.187008882401367188e+09 3.539862334728240967e-01 1.447462558746337891e+00
1.187008882401855469e+09 7.669488787651062012e-01 1.262091875076293945e+00
1.187008882402343750e+09 1.099971771240234375e+00 1.143275022506713867e+00
1.187008882402832031e+09 1.680399298667907715e+00 7.860863804817199707e-01
1.187008882403320312e+09 1.758584856986999512e+00 -9.488123655319213867e-02
1.187008882403808594e+09 1.162971854209899902e+00 -5.588392615318298340e-01
1.187008882404296875e+09 6.560348272323608398e-01 -6.183307170867919922e-01
1.187008882404785156e+09 4.260475039482116699e-01 -4.403793811798095703e-01
1.187008882405273438e+09 2.974379658699035645e-01 -1.060684025287628174e-01
1.187008882405761719e+09 5.610225200653076172e-01 2.226023674011230469e-01
1.187008882406250000e+09 1.074981927871704102e+00 -1.798066496849060059e-02
1.187008882406738281e+09 1.284325122833251953e+00 -4.772847592830657959e-01
1.187008882407226562e+09 1.097354412078857422e+00 -9.752120375633239746e-01
1.187008882407714844e+09 9.901353120803833008e-01 -1.326795578002929688e+00
1.187008882408203125e+09 5.642080307006835938e-01 -1.668611645698547363e+00
1.187008882408691406e+09 -2.170423865318298340e-01 -1.727192401885986328e+00
1.187008882409179688e+09 -5.555258989334106445e-01 -1.196680068969726562e+00
1.187008882409667969e+09 -4.536652565002441406e-01 -1.079124808311462402e+00
1.187008882410156250e+09 -7.048332095146179199e-01 -1.151011824607849121e+00
1.187008882410644531e+09 -1.100543856620788574e+00 -8.105542659759521484e-01
1.187008882411132812e+09 -1.151170611381530762e+00 -4.602509438991546631e-01
1.187008882411621094e+09 -1.182694196701049805e+00 -1.742187440395355225e-01
1.187008882412109375e+09 -1.018685817718505859e+00 2.710852622985839844e-01
1.187008882412597656e+09 -6.821276545524597168e-01 5.396193265914916992e-01
1.187008882413085938e+09 -4.179222583770751953e-01 4.666177034378051758e-01
1.187008882413574219e+09 -3.740089535713195801e-01 3.030044734477996826e-01
1.187008882414062500e+09 -5.407429933547973633e-01 4.009424448013305664e-01
1.187008882414550781e+09 -5.012825727462768555e-01 7.557461261749267578e-01
1.187008882415039062e+09 -1.366809755563735962e-01 8.978059887886047363e-01
1.187008882415527344e+09 9.161415696144104004e-02 8.523311614990234375e-01
1.187008882416015625e+09 3.212460875511169434e-01 9.401360750198364258e-01
1.187008882416503906e+09 7.089647650718688965e-01 7.758166790008544922e-01
1.187008882416992188e+09 1.109675645828247070e+00 5.594329833984375000e-01
1.187008882417480469e+09 1.355125784873962402e+00 -1.383732259273529053e-01
1.187008882417968750e+09 1.161617040634155273e+00 -7.868270277976989746e-01
1.187008882418457031e+09 5.834347009658813477e-01 -1.167652845382690430e+00
1.187008882418945312e+09 1.052544414997100830e-01 -1.058542728424072266e+00
1.187008882419433594e+09 -7.344281673431396484e-02 -1.043421745300292969e+00
1.187008882419921875e+09 -3.171661794185638428e-01 -8.624137043952941895e-01
1.187008882420410156e+09 -3.292288184165954590e-01 -8.232995867729187012e-01
1.187008882420898438e+09 -4.201040863990783691e-01 -1.130469560623168945e+00
1.187008882421386719e+09 -1.138833284378051758e+00 -1.096364140510559082e+00
1.187008882421875000e+09 -1.651291131973266602e+00 -5.869137644767761230e-01
1.187008882422363281e+09 -1.849714517593383789e+00 -1.520814001560211182e-01
1.187008882422851562e+09 -2.041140079498291016e+00 4.109255671501159668e-01
1.187008882423339844e+09 -1.997291922569274902e+00 1.121318936347961426e+00
1.187008882423828125e+09 -1.477891087532043457e+00 1.794845104217529297e+00
1.187008882424316406e+09 -9.982341527938842773e-01 2.056555271148681641e+00
1.187008882424804688e+09 -5.231696367263793945e-01 2.425066709518432617e+00
1.187008882425292969e+09 3.717924356460571289e-01 2.756477832794189453e+00
1.187008882425781250e+09 1.384577989578247070e+00 2.410868883132934570e+00
1.187008882426269531e+09 1.628468990325927734e+00 1.530149459838867188e+00
1.187008882426757812e+09 1.466799855232238770e+00 1.302583217620849609e+00
1.187008882427246094e+09 1.726215124130249023e+00 1.195608377456665039e+00
1.187008882427734375e+09 2.108373165130615234e+00 9.760668277740478516e-01
1.187008882428222656e+09 2.532339572906494141e+00 4.701040685176849365e-01
1.187008882428710938e+09 2.715652942657470703e+00 -3.453508317470550537e-01
1.187008882429199219e+09 2.539729595184326172e+00 -1.013750553131103516e+00
1.187008882429687500e+09 2.174670457839965820e+00 -1.534610986709594727e+00
1.187008882430175781e+09 1.698238849639892578e+00 -1.937129259109497070e+00
1.187008882430664062e+09 1.269785046577453613e+00 -2.042733430862426758e+00
1.187008882431152344e+09 1.025445342063903809e+00 -2.265791416168212891e+00
1.187008882431640625e+09 5.754123330116271973e-01 -2.660593509674072266e+00
1.187008882432128906e+09 -2.687333226203918457e-01 -2.862471342086791992e+00
1.187008882432617188e+09 -9.889371395111083984e-01 -2.576889514923095703e+00
1.187008882433105469e+09 -1.581909656524658203e+00 -2.177543878555297852e+00
1.187008882433593750e+09 -1.861396312713623047e+00 -1.634895443916320801e+00
1.187008882434082031e+09 -2.114845275878906250e+00 -1.428611874580383301e+00
1.187008882434570312e+09 -2.621190071105957031e+00 -1.008293390274047852e+00
1.187008882435058594e+09 -2.899209022521972656e+00 -1.161317527294158936e-01
1.187008882435546875e+09 -2.512051105499267578e+00 6.967883110046386719e-01
1.187008882436035156e+09 -2.019179821014404297e+00 1.048314094543457031e+00
1.187008882436523438e+09 -1.599750280380249023e+00 1.301886558532714844e+00
1.187008882437011719e+09 -1.047083616256713867e+00 1.294885039329528809e+00
1.187008882437500000e+09 -7.816556096076965332e-01 1.190357446670532227e+00
1.187008882437988281e+09 -5.828449130058288574e-01 1.272343516349792480e+00
1.187008882438476562e+09 -2.503173351287841797e-01 1.084570884704589844e+00
1.187008882438964844e+09 -1.888800859451293945e-01 7.663559317588806152e-01
1.187008882439453125e+09 -2.756966650485992432e-01 7.559747099876403809e-01
1.187008882439941406e+09 -2.494158148765563965e-01 9.197804927825927734e-01
1.187008882440429688e+09 -1.104081273078918457e-01 9.812817573547363281e-01
1.187008882440917969e+09 4.760444164276123047e-02 8.927240967750549316e-01
1.187008882441406250e+09 7.720245420932769775e-02 7.903702259063720703e-01
1.187008882441894531e+09 6.070598959922790527e-02 9.031062722206115723e-01
1.187008882442382812e+09 2.193618416786193848e-01 1.061235070228576660e+00
1.187008882442871094e+09 5.157679319381713867e-01 1.008296132087707520e+00
1.187008882443359375e+09 6.444020271301269531e-01 7.800584435462951660e-01
1.187008882443847656e+09 6.774354577064514160e-01 9.148058891296386719e-01
1.187008882444335938e+09 1.096537709236145020e+00 7.307184338569641113e-01
1.187008882444824219e+09 1.246300458908081055e+00 2.212181091308593750e-01
1.187008882445312500e+09 9.890884757041931152e-01 -1.156122088432312012e-01
1.187008882445800781e+09 7.165663838386535645e-01 -1.474486589431762695e-01
1.187008882446289062e+09 5.856683254241943359e-01 -2.433655858039855957e-01
1.187008882446777344e+09 2.847858071327209473e-01 -7.159814238548278809e-02
1.187008882447265625e+09 4.108852148056030273e-01 3.601733148097991943e-01
1.187008882447753906e+09 9.830016493797302246e-01 2.020926773548126221e-01
1.187008882448242188e+09 1.059568166732788086e+00 -4.250934123992919922e-01
1.187008882448730469e+09 5.802799463272094727e-01 -6.317517161369323730e-01
1.187008882449218750e+09 2.217283844947814941e-01 -5.289295315742492676e-01
1.187008882449707031e+09 -8.765053749084472656e-02 -3.895138502120971680e-01
1.187008882450195312e+09 -1.851940751075744629e-01 1.119014918804168701e-01
1.187008882450683594e+09 2.791600823402404785e-01 4.957347512245178223e-01
1.187008882451171875e+09 9.640083909034729004e-01 9.513878822326660156e-02
1.187008882451660156e+09 7.742069959640502930e-01 -5.930573344230651855e-01
1.187008882452148438e+09 1.440684795379638672e-01 -6.059522628784179688e-01
1.187008882452636719e+09 -5.088210105895996094e-02 -1.093270480632781982e-01
1.187008882453125000e+09 2.882463932037353516e-01 1.960995197296142578e-01
1.187008882453613281e+09 6.349388957023620605e-01 1.188206076622009277e-01
1.187008882454101562e+09 8.915764093399047852e-01 -2.174463272094726562e-01
1.187008882454589844e+09 8.508166074752807617e-01 -5.288637876510620117e-01
1.187008882455078125e+09 6.570967435836791992e-01 -7.453175783157348633e-01
1.187008882455566406e+09 4.852947890758514404e-01 -7.489100098609924316e-01
1.187008882456054688e+09 4.176414608955383301e-01 -6.954153776168823242e-01
1.187008882456542969e+09 6.656637191772460938e-01 -7.938926815986633301e-01
1.187008882457031250e+09 6.550887227058410645e-01 -1.235678195953369141e+00
1.187008882457519531e+09 2.800797820091247559e-01 -1.546061754226684570e+00
1.187008882458007812e+09 3.976702690124511719e-02 -1.721142649650573730e+00
1.187008882458496094e+09 -2.924151420593261719e-01 -1.888034343719482422e+00
1.187008882458984375e+09 -8.730406761169433594e-01 -2.061214447021484375e+00
1.187008882459472656e+09 -1.575728774070739746e+00 -1.814617633819580078e+00
1.187008882459960938e+09 -2.002679586410522461e+00 -1.405483961105346680e+00
1.187008882460449219e+09 -2.356776237487792969e+00 -6.839286088943481445e-01
1.187008882460937500e+09 -2.362973690032958984e+00 7.568824291229248047e-02
1.187008882461425781e+09 -2.004286289215087891e+00 7.374064326286315918e-01
1.187008882461914062e+09 -1.290035963058471680e+00 1.114700317382812500e+00
1.187008882462402344e+09 -5.533242225646972656e-01 8.292326927185058594e-01
1.187008882462890625e+09 -6.945752501487731934e-01 1.206617355346679688e-01
1.187008882463378906e+09 -1.269287109375000000e+00 2.453398704528808594e-01
1.187008882463867188e+09 -1.186234831809997559e+00 5.756410956382751465e-01
1.187008882464355469e+09 -1.122839093208312988e+00 4.770604670047760010e-01
1.187008882464843750e+09 -1.382236242294311523e+00 7.373003959655761719e-01
1.187008882465332031e+09 -1.482654809951782227e+00 1.085415124893188477e+00
1.187008882465820312e+09 -1.450088858604431152e+00 1.539697647094726562e+00
1.187008882466308594e+09 -1.321188449859619141e+00 2.028811693191528320e+00
1.187008882466796875e+09 -8.609713912010192871e-01 2.531289100646972656e+00
1.187008882467285156e+09 -5.806332826614379883e-02 2.971061944961547852e+00
1.187008882467773438e+09 1.138154029846191406e+00 2.862592935562133789e+00
1.187008882468261719e+09 1.960909247398376465e+00 2.033575534820556641e+00
1.187008882468750000e+09 1.959398746490478516e+00 1.112493515014648438e+00
1.187008882469238281e+09 1.700942993164062500e+00 8.734437823295593262e-01
1.187008882469726562e+09 1.853683948516845703e+00 4.737964570522308350e-01
1.187008882470214844e+09 1.588322758674621582e+00 -9.329372644424438477e-02
1.187008882470703125e+09 1.321495294570922852e+00 -8.054631948471069336e-02
1.187008882471191406e+09 1.238450646400451660e+00 -2.563035488128662109e-01
1.187008882471679688e+09 1.139126539230346680e+00 -3.983188271522521973e-01
1.187008882472167969e+09 1.032316207885742188e+00 -6.177653074264526367e-01
1.187008882472656250e+09 7.401190400123596191e-01 -9.242172837257385254e-01
1.187008882473144531e+09 1.812266707420349121e-01 -9.921377897262573242e-01
1.187008882473632812e+09 -2.215915322303771973e-01 -5.952506661415100098e-01
1.187008882474121094e+09 -1.880679428577423096e-01 -2.168148756027221680e-02
1.187008882474609375e+09 5.275389552116394043e-02 2.131999731063842773e-01
1.187008882475097656e+09 2.255787998437881470e-01 4.521309137344360352e-01
1.187008882475585938e+09 8.188505172729492188e-01 7.290225625038146973e-01
1.187008882476074219e+09 1.508614540100097656e+00 4.678224921226501465e-01
1.187008882476562500e+09 1.792871475219726562e+00 -2.895645499229431152e-01
1.187008882477050781e+09 1.601696372032165527e+00 -8.289448022842407227e-01
1.187008882477539062e+09 1.465169668197631836e+00 -1.390652656555175781e+00
1.187008882478027344e+09 1.222322463989257812e+00 -1.679011344909667969e+00
1.187008882478515625e+09 8.887928724288940430e-01 -2.227949857711791992e+00
1.187008882479003906e+09 1.247045397758483887e-01 -2.709033966064453125e+00
1.187008882479492188e+09 -8.937283754348754883e-01 -2.515952348709106445e+00
1.187008882479980469e+09 -1.498757362365722656e+00 -1.920883178710937500e+00
1.187008882480468750e+09 -1.850536704063415527e+00 -1.452773094177246094e+00
1.187008882480957031e+09 -2.058611869812011719e+00 -7.727552056312561035e-01
1.187008882481445312e+09 -1.814498901367187500e+00 -1.228947043418884277e-01
1.187008882481933594e+09 -1.604329109191894531e+00 -6.423652172088623047e-02
1.187008882482421875e+09 -1.794582128524780273e+00 2.865031957626342773e-01
1.187008882482910156e+09 -1.666083335876464844e+00 9.039265513420104980e-01
1.187008882483398438e+09 -1.101628780364990234e+00 1.482963681221008301e+00
1.187008882483886719e+09 -1.583826541900634766e-01 1.741604447364807129e+00
1.187008882484375000e+09 8.576167225837707520e-01 1.238715291023254395e+00
1.187008882484863281e+09 9.793262481689453125e-01 -2.650791779160499573e-02
1.187008882485351562e+09 4.522131681442260742e-01 -5.005929470062255859e-01
1.187008882485839844e+09 3.965935111045837402e-02 -5.914030075073242188e-01
1.187008882486328125e+09 -3.313956260681152344e-01 -6.211946606636047363e-01
1.187008882486816406e+09 -8.255876302719116211e-01 -4.594214260578155518e-01
1.187008882487304688e+09 -9.738087058067321777e-01 1.633558869361877441e-01
1.187008882487792969e+09 -7.030276060104370117e-01 3.673222661018371582e-01
1.187008882488281250e+09 -5.510864257812500000e-01 3.316974639892578125e-01
1.187008882488769531e+09 -5.535659193992614746e-01 5.780455470085144043e-01
1.187008882489257812e+09 -8.013162016868591309e-02 7.931157350540161133e-01
1.187008882489746094e+09 3.690647482872009277e-01 2.707909345626831055e-01
1.187008882490234375e+09 1.874750852584838867e-02 -1.477543711662292480e-01
1.187008882490722656e+09 -3.565280437469482422e-01 -2.859085798263549805e-02
1.187008882491210938e+09 -1.591054201126098633e-01 1.858984827995300293e-01
1.187008882491699219e+09 -1.733062565326690674e-01 -5.288439989089965820e-02
1.187008882492187500e+09 -5.831840634346008301e-01 -6.631737947463989258e-02
1.187008882492675781e+09 -7.028505802154541016e-01 1.185974478721618652e-01
1.187008882493164062e+09 -6.726156473159790039e-01 5.345346331596374512e-01
1.187008882493652344e+09 -5.511411428451538086e-01 5.671597123146057129e-01
1.187008882494140625e+09 -7.178837656974792480e-01 7.103830575942993164e-01
1.187008882494628906e+09 -6.544335484504699707e-01 9.893853068351745605e-01
1.187008882495117188e+09 -3.861429095268249512e-01 1.353450894355773926e+00
1.187008882495605469e+09 -1.530349254608154297e-03 1.367549180984497070e+00
1.187008882496093750e+09 3.302133083343505859e-02 1.384166479110717773e+00
1.187008882496582031e+09 2.651251554489135742e-01 1.855918884277343750e+00
1.187008882497070312e+09 9.829534292221069336e-01 1.880465269088745117e+00
1.187008882497558594e+09 1.372293710708618164e+00 1.545480251312255859e+00
1.187008882498046875e+09 1.558702707290649414e+00 1.473216652870178223e+00
1.187008882498535156e+09 2.222367048263549805e+00 1.610638380050659180e+00
1.187008882499023438e+09 3.462486267089843750e+00 1.184123158454895020e+00
1.187008882499511719e+09 4.148803710937500000e+00 -6.148424148559570312e-01
1.187008882500000000e+09 3.380702495574951172e+00 -2.393271923065185547e+00
1.187008882500488281e+09 1.995772719383239746e+00 -2.956948995590209961e+00
1.187008882500976562e+09 1.053082227706909180e+00 -2.913543701171875000e+00
1.187008882501464844e+09 5.044174790382385254e-01 -2.832660675048828125e+00
1.187008882501953125e+09 -1.813042759895324707e-01 -2.758728742599487305e+00
1.187008882502441406e+09 -5.671852231025695801e-01 -2.362583160400390625e+00
1.187008882502929688e+09 -7.231148481369018555e-01 -2.182601928710937500e+00
1.187008882503417969e+09 -9.887861609458923340e-01 -2.237493753433227539e+00
1.187008882503906250e+09 -1.741476774215698242e+00 -2.103922843933105469e+00
1.187008882504394531e+09 -2.313355207443237305e+00 -1.408152222633361816e+00
1.187008882504882812e+09 -2.493891239166259766e+00 -6.204379200935363770e-01
1.187008882505371094e+09 -2.298188924789428711e+00 2.026214599609375000e-01
1.187008882505859375e+09 -1.813475489616394043e+00 6.959800720214843750e-01
1.187008882506347656e+09 -1.265199422836303711e+00 8.723212480545043945e-01
1.187008882506835938e+09 -9.447144269943237305e-01 6.913516521453857422e-01
1.187008882507324219e+09 -9.653803706169128418e-01 5.040594935417175293e-01
1.187008882507812500e+09 -1.178079605102539062e+00 6.088265180587768555e-01
1.187008882508300781e+09 -1.201816558837890625e+00 9.293937683105468750e-01
1.187008882508789062e+09 -9.322146773338317871e-01 1.401222825050354004e+00
1.187008882509277344e+09 -4.945712089538574219e-01 1.639198899269104004e+00
1.187008882509765625e+09 1.352226734161376953e-02 1.709126949310302734e+00
1.187008882510253906e+09 5.162746906280517578e-01 1.487201452255249023e+00
1.187008882510742188e+09 1.028981685638427734e+00 1.153636217117309570e+00
1.187008882511230469e+09 1.274276971817016602e+00 4.215347766876220703e-01
1.187008882511718750e+09 9.242366552352905273e-01 -2.385219335556030273e-01
1.187008882512207031e+09 4.053095281124114990e-01 -4.284811913967132568e-01
1.187008882512695312e+09 8.555293083190917969e-03 -3.158050179481506348e-01
1.187008882513183594e+09 -2.833729982376098633e-01 -1.305561661720275879e-01
1.187008882513671875e+09 -4.094852507114410400e-01 3.777669370174407959e-01
1.187008882514160156e+09 -5.667021870613098145e-02 7.440884709358215332e-01
1.187008882514648438e+09 3.729908168315887451e-01 7.379548549652099609e-01
1.187008882515136719e+09 5.515467524528503418e-01 3.653183281421661377e-01
1.187008882515625000e+09 4.404317438602447510e-01 3.048119843006134033e-01
1.187008882516113281e+09 5.193957686424255371e-01 4.357148110866546631e-01
1.187008882516601562e+09 8.628020286560058594e-01 2.945785522460937500e-01
1.187008882517089844e+09 7.985926270484924316e-01 -3.890212774276733398e-01
1.187008882517578125e+09 1.555777490139007568e-01 -3.959157466888427734e-01
1.187008882518066406e+09 2.837135195732116699e-01 6.611466407775878906e-02
1.187008882518554688e+09 7.147921323776245117e-01 -1.116107702255249023e-01
1.187008882519042969e+09 6.950976848602294922e-01 -6.913064718246459961e-01
1.187008882519531250e+09 1.722995042800903320e-01 -9.564137458801269531e-01
1.187008882520019531e+09 -2.442046403884887695e-01 -8.492717742919921875e-01
1.187008882520507812e+09 -7.033443450927734375e-01 -7.235686779022216797e-01
1.187008882520996094e+09 -1.083596229553222656e+00 -2.065372169017791748e-01
1.187008882521484375e+09 -1.185333132743835449e+00 6.660547852516174316e-01
1.187008882521972656e+09 -3.984006643295288086e-01 1.349908471107482910e+00
1.187008882522460938e+09 6.652585268020629883e-01 1.449770212173461914e+00
1.187008882522949219e+09 1.380711197853088379e+00 7.509931325912475586e-01
1.187008882523437500e+09 1.402628064155578613e+00 -3.169602155685424805e-02
1.187008882523925781e+09 1.048720121383666992e+00 -3.685950636863708496e-01
1.187008882524414062e+09 9.052711725234985352e-01 -6.930673122406005859e-01
1.187008882524902344e+09 3.694679737091064453e-01 -9.536929130554199219e-01
1.187008882525390625e+09 -3.744518756866455078e-02 -5.245135426521301270e-01
1.187008882525878906e+09 2.728192508220672607e-01 3.877961635589599609e-02
1.187008882526367188e+09 8.617374897003173828e-01 -1.722221374511718750e-01
1.187008882526855469e+09 9.650556445121765137e-01 -8.653099536895751953e-01
1.187008882527343750e+09 5.463173389434814453e-01 -1.228162288665771484e+00
1.187008882527832031e+09 2.669109106063842773e-01 -1.343343973159790039e+00
1.187008882528320312e+09 1.188862323760986328e-02 -1.659842133522033691e+00
1.187008882528808594e+09 -6.428280472755432129e-01 -1.725790739059448242e+00
1.187008882529296875e+09 -1.145475268363952637e+00 -1.300112366676330566e+00
1.187008882529785156e+09 -1.196859121322631836e+00 -7.557147741317749023e-01
1.187008882530273438e+09 -9.701783657073974609e-01 -5.374563336372375488e-01
1.187008882530761719e+09 -9.890315532684326172e-01 -5.109312534332275391e-01
1.187008882531250000e+09 -1.105988979339599609e+00 -3.479644954204559326e-01
1.187008882531738281e+09 -1.135574460029602051e+00 -1.521115005016326904e-01
1.187008882532226562e+09 -1.108887076377868652e+00 4.365617036819458008e-02
1.187008882532714844e+09 -8.459664583206176758e-01 1.670876443386077881e-01
1.187008882533203125e+09 -6.941957473754882812e-01 1.135863661766052246e-01
1.187008882533691406e+09 -5.908454656600952148e-01 -1.476622223854064941e-01
1.187008882534179688e+09 -7.348549962043762207e-01 -5.919320583343505859e-01
1.187008882534667969e+09 -1.389238119125366211e+00 -6.009351611137390137e-01
1.187008882535156250e+09 -1.970744609832763672e+00 1.160436272621154785e-01
1.187008882535644531e+09 -1.742076396942138672e+00 9.570673108100891113e-01
1.187008882536132812e+09 -1.334173917770385742e+00 1.264475107192993164e+00
1.187008882536621094e+09 -1.085557699203491211e+00 1.251431345939636230e+00
1.187008882537109375e+09 -9.482351541519165039e-01 1.495413303375244141e+00
1.187008882537597656e+09 -6.529535055160522461e-01 1.473948836326599121e+00
1.187008882538085938e+09 -5.660082101821899414e-01 1.468242049217224121e+00
1.187008882538574219e+09 -6.277281045913696289e-01 1.710021018981933594e+00
1.187008882539062500e+09 -3.824022412300109863e-01 2.231851339340209961e+00
1.187008882539550781e+09 4.586872756481170654e-01 2.637604713439941406e+00
1.187008882540039062e+09 1.456143498420715332e+00 2.264950752258300781e+00
1.187008882540527344e+09 1.788048267364501953e+00 1.454118251800537109e+00
1.187008882541015625e+09 1.670390367507934570e+00 9.623842239379882812e-01
1.187008882541503906e+09 1.621339559555053711e+00 8.166849613189697266e-01
1.187008882541992188e+09 1.795413136482238770e+00 5.273633003234863281e-01
1.187008882542480469e+09 1.882674455642700195e+00 1.588168144226074219e-01
1.187008882542968750e+09 1.684297084808349609e+00 -3.811601102352142334e-01
1.187008882543457031e+09 1.299288392066955566e+00 -4.494594931602478027e-01
1.187008882543945312e+09 1.300199985504150391e+00 -5.036182403564453125e-01
1.187008882544433594e+09 1.206119418144226074e+00 -8.939976096153259277e-01
1.187008882544921875e+09 7.241013646125793457e-01 -1.073980331420898438e+00
1.187008882545410156e+09 2.443583160638809204e-01 -8.530349731445312500e-01
1.187008882545898438e+09 4.429700970649719238e-02 -3.300129771232604980e-01
1.187008882546386719e+09 4.227403104305267334e-01 9.999495744705200195e-02
1.187008882546875000e+09 9.518797397613525391e-01 -7.790207862854003906e-03
1.187008882547363281e+09 1.165539979934692383e+00 -3.291015923023223877e-01
1.187008882547851562e+09 1.346924066543579102e+00 -7.686400413513183594e-01
1.187008882548339844e+09 1.142817497253417969e+00 -1.391155123710632324e+00
1.187008882548828125e+09 5.003565549850463867e-01 -1.566736459732055664e+00
1.187008882549316406e+09 5.756509304046630859e-02 -1.410260915756225586e+00
1.187008882549804688e+09 -9.150731563568115234e-02 -1.237847328186035156e+00
1.187008882550292969e+09 -1.748008728027343750e-01 -9.579998850822448730e-01
1.187008882550781250e+09 1.033741235733032227e-02 -8.755513429641723633e-01
1.187008882551269531e+09 1.594316959381103516e-01 -1.067341446876525879e+00
1.187008882551757812e+09 1.162978410720825195e-01 -1.441906452178955078e+00
1.187008882552246094e+09 -2.766318321228027344e-01 -1.807425379753112793e+00
1.187008882552734375e+09 -9.558043479919433594e-01 -1.931241393089294434e+00
1.187008882553222656e+09 -1.527723073959350586e+00 -1.481369256973266602e+00
