1.187008882382324219e+09 8.822212219238281250e-01 -7.104643583297729492e-01
1.187008882382812500e+09 5.637997388839721680e-01 -5.552822351455688477e-01
1.187008882383300781e+09 4.131891131401062012e-01 -1.981713175773620605e-01
1.187008882383789062e+09 7.848417758941650391e-01 7.880491018295288086e-02
1.187008882384277344e+09 1.232273340225219727e+00 -2.061153054237365723e-01
1.187008882384765625e+09 1.073246836662292480e+00 -7.509655356407165527e-01
1.187008882385253906e+09 6.064001321792602539e-01 -7.461588978767395020e-01
1.187008882385742188e+09 5.612415075302124023e-01 -6.536235809326171875e-01
1.187008882386230469e+09 5.091385245323181152e-01 -5.120467543601989746e-01
1.187008882386718750e+09 4.616681337356567383e-01 -4.407938122749328613e-01
1.187008882387207031e+09 5.861243605613708496e-01 -2.875391244888305664e-01
1.187008882387695312e+09 1.033131361007690430e+00 -5.321662425994873047e-01
1.187008882388183594e+09 9.308910369873046875e-01 -1.097310304641723633e+00
1.187008882388671875e+09 5.541782975196838379e-01 -1.407852053642272949e+00
1.187008882389160156e+09 2.677039206027984619e-01 -1.560562133789062500e+00
1.187008882389648438e+09 -2.226594984531402588e-01 -1.577898383140563965e+00
1.187008882390136719e+09 -8.852576017379760742e-01 -1.348472237586975098e+00
1.187008882390625000e+09 -1.054942369461059570e+00 -6.138041019439697266e-01
1.187008882391113281e+09 -8.234872817993164062e-01 -7.251465320587158203e-02
1.187008882391601562e+09 -6.735248565673828125e-01 1.706000566482543945e-01
1.187008882392089844e+09 -5.026009082794189453e-01 6.229017972946166992e-01
1.187008882392578125e+09 2.159696817398071289e-01 6.772196292877197266e-01
1.187008882393066406e+09 5.551770925521850586e-01 2.577823996543884277e-01
1.187008882393554688e+09 5.079576969146728516e-01 1.289935708045959473e-01
1.187008882394042969e+09 7.114384174346923828e-01 1.138641834259033203e-01
1.187008882394531250e+09 9.362398386001586914e-01 3.787255287170410156e-02
1.187008882395019531e+09 1.178398728370666504e+00 -3.911552429199218750e-01
1.187008882395507812e+09 9.494422674179077148e-01 -7.898814082145690918e-01
1.187008882395996094e+09 8.185379505157470703e-01 -9.036858081817626953e-01
1.187008882396484375e+09 7.564961910247802734e-01 -1.127288937568664551e+00
1.187008882396972656e+09 4.903560876846313477e-01 -1.392138004302978516e+00
1.187008882397460938e+09 2.316588163375854492e-01 -1.505144238471984863e+00
1.187008882397949219e+09 -7.816326618194580078e-02 -1.433609127998352051e+00
1.187008882398437500e+09 -1.519765853881835938e-01 -1.322992086410522461e+00
1.187008882398925781e+09 -1.970235109329223633e-01 -1.517653942108154297e+00
1.187008882399414062e+09 -5.804700851440429688e-01 -1.503741264343261719e+00
1.187008882399902344e+09 -9.065397381782531738e-01 -1.477908134460449219e+00
1.187008882400390625e+09 -1.359194397926330566e+00 -1.343244075775146484e+00
1.187008882400878906e+09 -1.626160979270935059e+00 -7.996456623077392578e-01
1.187008882401367188e+09 -1.640788078308105469e+00 -2.796608209609985352e-01
1.187008882401855469e+09 -1.277382373809814453e+00 2.542754411697387695e-01
1.187008882402343750e+09 -6.717091798782348633e-01 3.771634101867675781e-01
1.187008882402832031e+09 -3.532631397247314453e-01 5.462336540222167969e-02
1.187008882403320312e+09 -4.084312319755554199e-01 1.627683639526367188e-01
1.187008882403808594e+09 -4.172062873840332031e-02 -1.643276214599609375e-02
1.187008882404296875e+09 -1.241594552993774414e-01 -5.272605419158935547e-01
1.187008882404785156e+09 -4.967905282974243164e-01 -6.423851251602172852e-01
1.187008882405273438e+09 -5.868462324142456055e-01 -5.231897830963134766e-01
1.187008882405761719e+09 -7.630868554115295410e-01 -5.453724861145019531e-01
1.187008882406250000e+09 -7.936637401580810547e-01 -3.533026576042175293e-01
1.187008882406738281e+09 -7.033956050872802734e-01 -4.572590589523315430e-01
1.187008882407226562e+09 -1.128607273101806641e+00 -7.744638323783874512e-01
1.187008882407714844e+09 -1.719234704971313477e+00 -3.264355659484863281e-01
1.187008882408203125e+09 -1.770364046096801758e+00 4.738070368766784668e-01
1.187008882408691406e+09 -1.093373298645019531e+00 1.151915788650512695e+00
1.187008882409179688e+09 -4.274892807006835938e-02 8.584067225456237793e-01
1.187008882409667969e+09 -1.557601690292358398e-01 1.568623781204223633e-01
1.187008882410156250e+09 -6.004285812377929688e-01 -5.034363269805908203e-02
1.187008882410644531e+09 -9.726607799530029297e-01 1.218906342983245850e-01
1.187008882411132812e+09 -1.020442962646484375e+00 5.725898742675781250e-01
1.187008882411621094e+09 -8.652572631835937500e-01 7.218703031539916992e-01
1.187008882412109375e+09 -8.060891628265380859e-01 8.609930276870727539e-01
1.187008882412597656e+09 -6.814590692520141602e-01 1.186661481857299805e+00
1.187008882413085938e+09 -1.456805467605590820e-01 1.378535747528076172e+00
1.187008882413574219e+09 3.509766459465026855e-01 1.187119245529174805e+00
1.187008882414062500e+09 4.928709268569946289e-01 6.762728691101074219e-01
1.187008882414550781e+09 3.693815469741821289e-01 6.420106887817382812e-01
1.187008882415039062e+09 6.665487885475158691e-01 4.635944366455078125e-01
1.187008882415527344e+09 7.595983743667602539e-01 -1.734876632690429688e-01
1.187008882416015625e+09 4.264048337936401367e-01 -8.452324867248535156e-01
1.187008882416503906e+09 -4.108844995498657227e-01 -1.284662961959838867e+00
1.187008882416992188e+09 -1.246187329292297363e+00 -6.770853996276855469e-01
1.187008882417480469e+09 -1.095822572708129883e+00 -5.186450481414794922e-02
1.187008882417968750e+09 -1.044240713119506836e+00 -2.964178323745727539e-01
1.187008882418457031e+09 -1.558280944824218750e+00 -1.966890096664428711e-01
1.187008882418945312e+09 -1.896541118621826172e+00 5.281171202659606934e-01
1.187008882419433594e+09 -1.681609869003295898e+00 1.279300570487976074e+00
1.187008882419921875e+09 -1.183986663818359375e+00 1.682731866836547852e+00
1.187008882420410156e+09 -7.536337375640869141e-01 1.883874177932739258e+00
1.187008882420898438e+09 -3.190929889678955078e-01 1.731866836547851562e+00
1.187008882421386719e+09 -9.714698791503906250e-02 1.645155191421508789e+00
1.187008882421875000e+09 9.203910827636718750e-03 1.418403148651123047e+00
1.187008882422363281e+09 -2.742948532104492188e-01 1.412604808807373047e+00
1.187008882422851562e+09 -1.969599723815917969e-01 1.710424184799194336e+00
1.187008882423339844e+09 -5.603122711181640625e-02 1.764484643936157227e+00
1.187008882423828125e+09 -3.854233026504516602e-02 1.999103784561157227e+00
1.187008882424316406e+09 1.708504855632781982e-01 2.346761465072631836e+00
1.187008882424804688e+09 7.045193910598754883e-01 2.728932142257690430e+00
1.187008882425292969e+09 1.388422489166259766e+00 2.920153617858886719e+00
1.187008882425781250e+09 2.453985691070556641e+00 2.902740001678466797e+00
1.187008882426269531e+09 3.566833496093750000e+00 1.857321739196777344e+00
1.187008882426757812e+09 3.539592981338500977e+00 4.006960391998291016e-01
1.187008882427246094e+09 2.931936740875244141e+00 -3.518016338348388672e-01
1.187008882427734375e+09 2.590157985687255859e+00 -6.897341012954711914e-01
1.187008882428222656e+09 2.071988821029663086e+00 -1.113111734390258789e+00
1.187008882428710938e+09 1.618343234062194824e+00 -1.016953587532043457e+00
1.187008882429199219e+09 1.577970266342163086e+00 -9.494872689247131348e-01
1.187008882429687500e+09 1.530319809913635254e+00 -1.083425164222717285e+00
1.187008882430175781e+09 1.482791066169738770e+00 -1.410387754440307617e+00
1.187008882430664062e+09 1.153406620025634766e+00 -1.753784656524658203e+00
1.187008882431152344e+09 7.739977836608886719e-01 -2.001815795898437500e+00
1.187008882431640625e+09 9.678053855895996094e-02 -2.294893741607666016e+00
1.187008882432128906e+09 -7.530934810638427734e-01 -1.945715904235839844e+00
1.187008882432617188e+09 -1.210503101348876953e+00 -1.262791872024536133e+00
1.187008882433105469e+09 -1.400801777839660645e+00 -5.160255432128906250e-01
1.187008882433593750e+09 -8.995146751403808594e-01 2.547469139099121094e-01
1.187008882434082031e+09 -2.845103740692138672e-01 2.295911312103271484e-01
1.187008882434570312e+09 -1.789445281028747559e-01 1.212525367736816406e-01
1.187008882435058594e+09 -1.160658597946166992e-01 1.158747673034667969e-01
1.187008882435546875e+09 -9.883588552474975586e-02 2.208268642425537109e-01
1.187008882436035156e+09 3.677439689636230469e-02 4.777584075927734375e-01
1.187008882436523438e+09 3.656229972839355469e-01 5.090234279632568359e-01
1.187008882437011719e+09 6.379950046539306641e-01 2.832977771759033203e-01
1.187008882437500000e+09 7.733883857727050781e-01 1.001110076904296875e-01
1.187008882437988281e+09 7.051990032196044922e-01 6.856989860534667969e-02
1.187008882438476562e+09 8.834969997406005859e-01 8.634495735168457031e-02
1.187008882438964844e+09 1.073939800262451172e+00 -4.802393913269042969e-02
1.187008882439453125e+09 1.244251966476440430e+00 -3.560996055603027344e-01
1.187008882439941406e+09 1.267472982406616211e+00 -6.104329824447631836e-01
1.187008882440429688e+09 1.348233461380004883e+00 -7.749161720275878906e-01
1.187008882440917969e+09 1.448122739791870117e+00 -1.080829858779907227e+00
1.187008882441406250e+09 1.449499607086181641e+00 -1.318665266036987305e+00
1.187008882441894531e+09 1.328410148620605469e+00 -1.763294696807861328e+00
1.187008882442382812e+09 9.225324392318725586e-01 -1.897058248519897461e+00
1.187008882442871094e+09 9.734023809432983398e-01 -1.905699729919433594e+00
1.187008882443359375e+09 8.806488513946533203e-01 -2.395237207412719727e+00
1.187008882443847656e+09 1.338691711425781250e-01 -2.698558568954467773e+00
1.187008882444335938e+09 -3.063528537750244141e-01 -2.264356613159179688e+00
1.187008882444824219e+09 -4.348454475402832031e-01 -1.943910598754882812e+00
1.187008882445312500e+09 -4.224257469177246094e-01 -1.530459642410278320e+00
1.187008882445800781e+09 1.456706523895263672e-01 -1.344399690628051758e+00
1.187008882446289062e+09 4.685335159301757812e-01 -1.790171146392822266e+00
1.187008882446777344e+09 6.933584213256835938e-01 -2.098052024841308594e+00
1.187008882447265625e+09 9.549095630645751953e-01 -3.029501199722290039e+00
1.187008882447753906e+09 4.071307182312011719e-02 -4.289319038391113281e+00
1.187008882448242188e+09 -1.190382122993469238e+00 -4.503400325775146484e+00
1.187008882448730469e+09 -2.249715089797973633e+00 -4.455350875854492188e+00
1.187008882449218750e+09 -3.384591579437255859e+00 -3.924236297607421875e+00
1.187008882449707031e+09 -3.566614151000976562e+00 -3.117902278900146484e+00
1.187008882450195312e+09 -3.693149805068969727e+00 -3.079641342163085938e+00
1.187008882450683594e+09 -4.508402824401855469e+00 -2.926063060760498047e+00
1.187008882451171875e+09 -5.193754196166992188e+00 -2.412972927093505859e+00
1.187008882451660156e+09 -5.791194915771484375e+00 -1.751039266586303711e+00
1.187008882452148438e+09 -6.280592441558837891e+00 -9.858772754669189453e-01
1.187008882452636719e+09 -6.812837600708007812e+00 1.556870937347412109e-01
1.187008882453125000e+09 -6.722080230712890625e+00 1.679244041442871094e+00
1.187008882453613281e+09 -5.938217163085937500e+00 2.655846834182739258e+00
1.187008882454101562e+09 -5.304142951965332031e+00 3.343069553375244141e+00
1.187008882454589844e+09 -4.504604816436767578e+00 3.736230850219726562e+00
1.187008882455078125e+09 -3.978542566299438477e+00 3.646618366241455078e+00
1.187008882455566406e+09 -4.043863773345947266e+00 3.840171337127685547e+00
1.187008882456054688e+09 -3.724074125289916992e+00 4.339485645294189453e+00
1.187008882456542969e+09 -3.240993022918701172e+00 4.591381549835205078e+00
1.187008882457031250e+09 -3.081140041351318359e+00 4.674013137817382812e+00
1.187008882457519531e+09 -3.125096559524536133e+00 5.005192756652832031e+00
1.187008882458007812e+09 -3.126122236251831055e+00 5.506625175476074219e+00
1.187008882458496094e+09 -3.093645095825195312e+00 6.376116275787353516e+00
1.187008882458984375e+09 -2.682451725006103516e+00 7.420517921447753906e+00
1.187008882459472656e+09 -2.002009391784667969e+00 8.326761245727539062e+00
1.187008882459960938e+09 -1.011721730232238770e+00 9.458055496215820312e+00
1.187008882460449219e+09 5.972617864608764648e-01 1.022966194152832031e+01
1.187008882460937500e+09 2.176180362701416016e+00 1.063638114929199219e+01
1.187008882461425781e+09 3.898904561996459961e+00 1.065205955505371094e+01
1.187008882461914062e+09 5.606993675231933594e+00 1.036203956604003906e+01
1.187008882462402344e+09 7.142812728881835938e+00 9.882079124450683594e+00
1.187008882462890625e+09 8.887615203857421875e+00 9.244534492492675781e+00
1.187008882463378906e+09 1.034635734558105469e+01 8.212669372558593750e+00
1.187008882463867188e+09 1.159503078460693359e+01 7.146732330322265625e+00
1.187008882464355469e+09 1.307193756103515625e+01 6.270065307617187500e+00
1.187008882464843750e+09 1.504424667358398438e+01 4.854836463928222656e+00
1.187008882465332031e+09 1.671427536010742188e+01 2.435327529907226562e+00
1.187008882465820312e+09 1.769308662414550781e+01 -4.345262050628662109e-02
1.187008882466308594e+09 1.920112800598144531e+01 -2.725386142730712891e+00
1.187008882466796875e+09 2.067856407165527344e+01 -7.264842987060546875e+00
1.187008882467285156e+09 1.972876358032226562e+01 -1.335021209716796875e+01
1.187008882467773438e+09 1.602134513854980469e+01 -1.856598281860351562e+01
1.187008882468261719e+09 1.069604015350341797e+01 -2.204472160339355469e+01
1.187008882468750000e+09 4.567339420318603516e+00 -2.314485549926757812e+01
1.187008882469238281e+09 -7.001053094863891602e-01 -2.204196357727050781e+01
1.187008882469726562e+09 -4.488369941711425781e+00 -2.005669784545898438e+01
1.187008882470214844e+09 -7.465582847595214844e+00 -1.796131896972656250e+01
1.187008882470703125e+09 -9.884583473205566406e+00 -1.554835700988769531e+01
1.187008882471191406e+09 -1.173011970520019531e+01 -1.312397193908691406e+01
1.187008882471679688e+09 -1.317948150634765625e+01 -1.048032379150390625e+01
1.187008882472167969e+09 -1.406560993194580078e+01 -7.779038429260253906e+00
1.187008882472656250e+09 -1.456003284454345703e+01 -5.209822654724121094e+00
1.187008882473144531e+09 -1.459727287292480469e+01 -2.513312339782714844e+00
1.187008882473632812e+09 -1.408067131042480469e+01 4.355323314666748047e-02
1.187008882474121094e+09 -1.332402896881103516e+01 2.347966670989990234e+00
1.187008882474609375e+09 -1.202399158477783203e+01 4.656264781951904297e+00
1.187008882475097656e+09 -1.012878417968750000e+01 6.312229633331298828e+00
1.187008882475585938e+09 -8.281255722045898438e+00 7.412096500396728516e+00
1.187008882476074219e+09 -6.364509582519531250e+00 8.041881561279296875e+00
1.187008882476562500e+09 -4.501923561096191406e+00 8.461062431335449219e+00
1.187008882477050781e+09 -2.428237676620483398e+00 8.477161407470703125e+00
1.187008882477539062e+09 -5.283230543136596680e-01 7.506002426147460938e+00
1.187008882478027344e+09 5.528034567832946777e-01 6.260451793670654297e+00
1.187008882478515625e+09 1.323649883270263672e+00 5.083454132080078125e+00
1.187008882479003906e+09 1.643012523651123047e+00 3.638045072555541992e+00
1.187008882479492188e+09 1.360638856887817383e+00 2.561879396438598633e+00
1.187008882479980469e+09 1.017769098281860352e+00 1.934344768524169922e+00
1.187008882480468750e+09 4.144964218139648438e-01 1.389254093170166016e+00
1.187008882480957031e+09 -2.675352096557617188e-01 1.451498985290527344e+00
1.187008882481445312e+09 -7.015576362609863281e-01 1.543346643447875977e+00
1.187008882481933594e+09 -1.441842198371887207e+00 2.047442436218261719e+00
1.187008882482421875e+09 -1.579832553863525391e+00 3.227946281433105469e+00
1.187008882482910156e+09 -5.749425888061523438e-01 4.354988098144531250e+00
1.187008882483398438e+09 7.009637355804443359e-01 4.505611419677734375e+00
1.187008882483886719e+09 1.448476552963256836e+00 4.044448852539062500e+00
1.187008882484375000e+09 2.259618759155273438e+00 3.843539714813232422e+00
1.187008882484863281e+09 3.142640590667724609e+00 3.235830783843994141e+00
1.187008882485351562e+09 3.640630722045898438e+00 2.316968679428100586e+00
1.187008882485839844e+09 4.130189895629882812e+00 1.347118616104125977e+00
1.187008882486328125e+09 4.089013099670410156e+00 -2.221616506576538086e-01
1.187008882486816406e+09 2.973901271820068359e+00 -1.149665594100952148e+00
1.187008882487304688e+09 2.149937391281127930e+00 -1.249583363533020020e+00
1.187008882487792969e+09 1.691217422485351562e+00 -1.456352949142456055e+00
1.187008882488281250e+09 1.130670428276062012e+00 -1.781236648559570312e+00
1.187008882488769531e+09 -6.234550476074218750e-02 -1.874727487564086914e+00
1.187008882489257812e+09 -1.004735589027404785e+00 -1.163258552551269531e+00
1.187008882489746094e+09 -1.285523176193237305e+00 -2.315189838409423828e-01
1.187008882490234375e+09 -1.464457035064697266e+00 5.127056837081909180e-01
1.187008882490722656e+09 -1.129795789718627930e+00 1.589982271194458008e+00
1.187008882491210938e+09 -1.613283157348632812e-01 2.139954566955566406e+00
1.187008882491699219e+09 5.653772354125976562e-01 2.130643844604492188e+00
1.187008882492187500e+09 1.109122753143310547e+00 2.185375213623046875e+00
1.187008882492675781e+09 1.894552707672119141e+00 2.021974802017211914e+00
1.187008882493164062e+09 2.621098756790161133e+00 1.822424888610839844e+00
1.187008882493652344e+09 3.457874536514282227e+00 1.086613655090332031e+00
1.187008882494140625e+09 4.059373378753662109e+00 -3.948211669921875000e-03
1.187008882494628906e+09 3.962031602859497070e+00 -1.601885795593261719e+00
1.187008882495117188e+09 2.959433078765869141e+00 -2.712844848632812500e+00
1.187008882495605469e+09 2.047085762023925781e+00 -3.042861461639404297e+00
1.187008882496093750e+09 1.105770826339721680e+00 -3.442166805267333984e+00
1.187008882496582031e+09 1.776385307312011719e-02 -3.156167268753051758e+00
1.187008882497070312e+09 -2.873373031616210938e-01 -2.450379610061645508e+00
1.187008882497558594e+09 -4.842908382415771484e-01 -2.442249774932861328e+00
1.187008882498046875e+09 -8.449730873107910156e-01 -2.230654716491699219e+00
1.187008882498535156e+09 -1.013312339782714844e+00 -2.109219074249267578e+00
1.187008882499023438e+09 -1.353352308273315430e+00 -2.225078821182250977e+00
1.187008882499511719e+09 -2.005044460296630859e+00 -2.228796005249023438e+00
1.187008882500000000e+09 -2.742874145507812500e+00 -1.953392744064331055e+00
1.187008882500488281e+09 -3.568075656890869141e+00 -1.137696504592895508e+00
1.187008882500976562e+09 -3.878841638565063477e+00 1.117274761199951172e-01
1.187008882501464844e+09 -3.646385192871093750e+00 1.508612155914306641e+00
1.187008882501953125e+09 -2.758923530578613281e+00 2.707601070404052734e+00
1.187008882502441406e+09 -1.422164797782897949e+00 3.520237445831298828e+00
1.187008882502929688e+09 2.705516815185546875e-01 3.388780117034912109e+00
1.187008882503417969e+09 1.155476927757263184e+00 2.429851055145263672e+00
1.187008882503906250e+09 1.493900299072265625e+00 1.780868291854858398e+00
1.187008882504394531e+09 1.752465724945068359e+00 1.231361389160156250e+00
1.187008882504882812e+09 1.822128295898437500e+00 7.085728645324707031e-01
1.187008882505371094e+09 1.902666687965393066e+00 1.179523468017578125e-01
1.187008882505859375e+09 1.811552286148071289e+00 -4.823184013366699219e-01
1.187008882506347656e+09 1.527909755706787109e+00 -1.126104831695556641e+00
1.187008882506835938e+09 1.143150806427001953e+00 -1.551662921905517578e+00
1.187008882507324219e+09 5.109710693359375000e-01 -1.844929456710815430e+00
1.187008882507812500e+09 -2.097926139831542969e-01 -1.596540331840515137e+00
1.187008882508300781e+09 -3.785536289215087891e-01 -1.102825045585632324e+00
1.187008882508789062e+09 -5.317616462707519531e-01 -1.069610834121704102e+00
1.187008882509277344e+09 -7.320890426635742188e-01 -6.831480264663696289e-01
1.187008882509765625e+09 -6.618235111236572266e-01 -4.237680435180664062e-01
1.187008882510253906e+09 -6.253032684326171875e-01 -2.880561351776123047e-01
1.187008882510742188e+09 -4.166133403778076172e-01 -5.898642539978027344e-02
1.187008882511230469e+09 -7.541942596435546875e-02 -2.309386730194091797e-01
1.187008882511718750e+09 -1.700475215911865234e-01 -6.649158000946044922e-01
1.187008882512207031e+09 -5.078171491622924805e-01 -7.370219230651855469e-01
1.187008882512695312e+09 -7.519226074218750000e-01 -7.106928825378417969e-01
1.187008882513183594e+09 -1.125782251358032227e+00 -6.574113368988037109e-01
1.187008882513671875e+09 -1.363956451416015625e+00 -3.936238288879394531e-01
1.187008882514160156e+09 -1.454820275306701660e+00 1.403737068176269531e-02
1.187008882514648438e+09 -1.514460325241088867e+00 2.366456985473632812e-01
1.187008882515136719e+09 -1.580487489700317383e+00 6.368343830108642578e-01
1.187008882515625000e+09 -1.622462987899780273e+00 1.224969744682312012e+00
1.187008882516113281e+09 -1.216319203376770020e+00 1.895181059837341309e+00
1.187008882516601562e+09 -3.602485656738281250e-01 2.239613533020019531e+00
1.187008882517089844e+09 2.185039520263671875e-01 2.044768810272216797e+00
1.187008882517578125e+09 5.016670227050781250e-01 1.875706434249877930e+00
1.187008882518066406e+09 8.337376117706298828e-01 2.083469629287719727e+00
1.187008882518554688e+09 1.588397860527038574e+00 1.902457952499389648e+00
1.187008882519042969e+09 1.948034286499023438e+00 1.188261866569519043e+00
1.187008882519531250e+09 1.854325652122497559e+00 9.273037314414978027e-01
1.187008882520019531e+09 2.013537883758544922e+00 6.441723704338073730e-01
1.187008882520507812e+09 2.152856111526489258e+00 4.643488526344299316e-01
1.187008882520996094e+09 2.547319173812866211e+00 1.481308937072753906e-01
1.187008882521484375e+09 2.610987663269042969e+00 -5.665944218635559082e-01
1.187008882521972656e+09 2.380719900131225586e+00 -1.139949679374694824e+00
1.187008882522460938e+09 2.234694480895996094e+00 -1.716167211532592773e+00
1.187008882522949219e+09 1.611541748046875000e+00 -2.374612569808959961e+00
1.187008882523437500e+09 7.935827970504760742e-01 -2.491950511932373047e+00
1.187008882523925781e+09 2.990071177482604980e-01 -2.398634910583496094e+00
1.187008882524414062e+09 -2.880321741104125977e-01 -2.240223646163940430e+00
1.187008882524902344e+09 -9.682486057281494141e-01 -1.787510752677917480e+00
1.187008882525390625e+09 -1.159906625747680664e+00 -1.113490462303161621e+00
1.187008882525878906e+09 -1.070101261138916016e+00 -6.258018016815185547e-01
1.187008882526367188e+09 -1.026135921478271484e+00 -4.130076169967651367e-01
1.187008882526855469e+09 -9.345688819885253906e-01 -1.524703502655029297e-01
1.187008882527343750e+09 -6.905941963195800781e-01 -6.802988052368164062e-02
1.187008882527832031e+09 -7.490159273147583008e-01 -4.057788848876953125e-02
1.187008882528320312e+09 -9.991194605827331543e-01 3.788173198699951172e-01
1.187008882528808594e+09 -8.022910952568054199e-01 7.057123184204101562e-01
1.187008882529296875e+09 -4.295632839202880859e-01 8.124949932098388672e-01
1.187008882529785156e+09 -3.825786709785461426e-01 8.736240863800048828e-01
1.187008882530273438e+09 -6.370627880096435547e-02 1.108940362930297852e+00
1.187008882530761719e+09 4.489846229553222656e-01 9.886956214904785156e-01
1.187008882531250000e+09 5.037946701049804688e-01 6.562907695770263672e-01
1.187008882531738281e+09 4.558049440383911133e-01 6.260064840316772461e-01
1.187008882532226562e+09 7.090163230895996094e-01 7.211804389953613281e-01
1.187008882532714844e+09 1.036262154579162598e+00 5.399174690246582031e-01
1.187008882533203125e+09 1.232554912567138672e+00 2.050122618675231934e-01
1.187008882533691406e+09 1.179286241531372070e+00 -6.852275133132934570e-02
1.187008882534179688e+09 1.294959545135498047e+00 -3.078916668891906738e-01
1.187008882534667969e+09 1.335782289505004883e+00 -5.073564648628234863e-01
1.187008882535156250e+09 1.526531815528869629e+00 -7.787549495697021484e-01
1.187008882535644531e+09 1.465908288955688477e+00 -1.444550633430480957e+00
1.187008882536132812e+09 1.159183263778686523e+00 -1.836171984672546387e+00
1.187008882536621094e+09 7.628003358840942383e-01 -2.146177768707275391e+00
1.187008882537109375e+09 2.903571128845214844e-01 -2.389080286026000977e+00
1.187008882537597656e+09 -8.707797527313232422e-02 -2.435019493103027344e+00
1.187008882538085938e+09 -4.139912426471710205e-01 -2.631075620651245117e+00
1.187008882538574219e+09 -1.270725250244140625e+00 -2.854845285415649414e+00
1.187008882539062500e+09 -2.144634246826171875e+00 -2.452930927276611328e+00
1.187008882539550781e+09 -2.451873779296875000e+00 -1.928223729133605957e+00
1.187008882540039062e+09 -2.926422595977783203e+00 -1.443462133407592773e+00
1.187008882540527344e+09 -3.238581657409667969e+00 -8.723670244216918945e-01
1.187008882541015625e+09 -3.609216690063476562e+00 -8.716201782226562500e-02
1.187008882541503906e+09 -3.509115695953369141e+00 7.280927896499633789e-01
1.187008882541992188e+09 -3.155521869659423828e+00 1.323352336883544922e+00
1.187008882542480469e+09 -2.848117828369140625e+00 1.777288913726806641e+00
1.187008882542968750e+09 -2.517671585083007812e+00 2.234418153762817383e+00
1.187008882543457031e+09 -2.027127027511596680e+00 2.650059700012207031e+00
1.187008882543945312e+09 -1.673959136009216309e+00 2.855085611343383789e+00
1.187008882544433594e+09 -1.157139182090759277e+00 3.257861375808715820e+00
1.187008882544921875e+09 -3.568559288978576660e-01 3.300433397293090820e+00
1.187008882545410156e+09 2.769656181335449219e-01 3.243618726730346680e+00
1.187008882545898438e+09 9.590810537338256836e-01 2.895582199096679688e+00
1.187008882546386719e+09 1.469219207763671875e+00 2.405873060226440430e+00
1.187008882546875000e+09 1.700733423233032227e+00 1.794414758682250977e+00
1.187008882547363281e+09 1.829276323318481445e+00 1.338433504104614258e+00
1.187008882547851562e+09 1.962279677391052246e+00 7.152686715126037598e-01
1.187008882548339844e+09 1.565996408462524414e+00 -4.320901632308959961e-02
1.187008882548828125e+09 9.133676290512084961e-01 -2.342879772186279297e-01
1.187008882549316406e+09 4.352445006370544434e-01 -2.250054478645324707e-01
1.187008882549804688e+09 3.049474954605102539e-02 -3.335860371589660645e-02
1.187008882550292969e+09 -2.153862714767456055e-01 2.503821849822998047e-01
1.187008882550781250e+09 -2.680368423461914062e-01 6.487162113189697266e-01
1.187008882551269531e+09 -7.118868827819824219e-02 9.402147531509399414e-01
1.187008882551757812e+09 2.057868242263793945e-02 9.928311109542846680e-01
1.187008882552246094e+09 1.433219909667968750e-01 1.335002779960632324e+00
1.187008882552734375e+09 7.369507551193237305e-01 1.507918596267700195e+00
1.187008882553222656e+09 9.525322318077087402e-01 1.260528445243835449e+00
