1.344284404391113281e+09 -1.292541861534118652e+00 -9.707030653953552246e-02
1.344284404391601562e+09 -1.548918962478637695e+00 2.984967231750488281e-01
1.344284404392089844e+09 -1.378324747085571289e+00 1.081342935562133789e+00
1.344284404392578125e+09 -1.024574279785156250e+00 1.467772722244262695e+00
1.344284404393066406e+09 -4.878300428390502930e-01 1.577368617057800293e+00
1.344284404393554688e+09 -2.623253762722015381e-01 1.525371313095092773e+00
1.344284404394042969e+09 -9.625859558582305908e-02 1.495525717735290527e+00
1.344284404394531250e+09 2.864126265048980713e-01 1.603217005729675293e+00
1.344284404395019531e+09 7.368109226226806641e-01 1.598115324974060059e+00
1.344284404395507812e+09 1.156436681747436523e+00 1.393432259559631348e+00
1.344284404395996094e+09 1.351313829421997070e+00 9.909166097640991211e-01
1.344284404396484375e+09 1.543010830879211426e+00 6.536331176757812500e-01
1.344284404396972656e+09 1.434581756591796875e+00 1.953457593917846680e-01
1.344284404397460938e+09 1.202239871025085449e+00 -7.974609732627868652e-02
1.344284404397949219e+09 9.534326791763305664e-01 -1.875917315483093262e-01
1.344284404398437500e+09 7.037169933319091797e-01 -1.642225235700607300e-01
1.344284404398925781e+09 4.769904613494873047e-01 -5.968044698238372803e-02
1.344284404399414062e+09 4.450771212577819824e-01 1.476502716541290283e-01
1.344284404399902344e+09 7.009359002113342285e-01 4.600221514701843262e-01
1.344284404400390625e+09 1.018694758415222168e+00 3.205433785915374756e-01
1.344284404400878906e+09 1.285274386405944824e+00 5.948510766029357910e-02
1.344284404401367188e+09 1.142617940902709961e+00 -3.385277390480041504e-01
1.344284404401855469e+09 6.147543191909790039e-01 -5.111718177795410156e-01
1.344284404402343750e+09 4.890252053737640381e-01 -2.734438776969909668e-01
1.344284404402832031e+09 6.543693542480468750e-01 -2.050474286079406738e-01
1.344284404403320312e+09 8.123611211776733398e-01 -1.030153930187225342e-01
1.344284404403808594e+09 8.472959995269775391e-01 -5.641715526580810547e-01
1.344284404404296875e+09 7.760425209999084473e-01 -6.245794892311096191e-01
1.344284404404785156e+09 6.329083442687988281e-01 -8.886611461639404297e-01
1.344284404405273438e+09 4.366068243980407715e-01 -9.814586639404296875e-01
1.344284404405761719e+09 2.922809720039367676e-01 -9.594547152519226074e-01
1.344284404406250000e+09 2.100015878677368164e-01 -9.227588176727294922e-01
1.344284404406738281e+09 2.883466780185699463e-01 -9.717503786087036133e-01
1.344284404407226562e+09 3.039419651031494141e-01 -1.153437256813049316e+00
1.344284404407714844e+09 1.014149487018585205e-01 -1.260941147804260254e+00
1.344284404408203125e+09 -2.677463591098785400e-01 -1.424119472503662109e+00
1.344284404408691406e+09 -8.513257503509521484e-01 -1.186468482017517090e+00
1.344284404409179688e+09 -1.257376432418823242e+00 -8.664195537567138672e-01
1.344284404409667969e+09 -1.237326622009277344e+00 -3.728563189506530762e-01
1.344284404410156250e+09 -1.104769349098205566e+00 3.337985277175903320e-02
1.344284404410644531e+09 -9.295704960823059082e-01 1.662545800209045410e-01
1.344284404411132812e+09 -7.334711551666259766e-01 4.201663136482238770e-01
1.344284404411621094e+09 -6.858672499656677246e-01 4.330545067787170410e-01
1.344284404412109375e+09 -5.680328011512756348e-01 4.906803965568542480e-01
1.344284404412597656e+09 -2.040864825248718262e-01 5.232967734336853027e-01
1.344284404413085938e+09 1.492872834205627441e-01 5.520526170730590820e-01
1.344284404413574219e+09 5.006879568099975586e-01 4.193449020385742188e-01
1.344284404414062500e+09 7.014585137367248535e-01 4.450100660324096680e-02
1.344284404414550781e+09 5.867103934288024902e-01 -4.403285980224609375e-01
1.344284404415039062e+09 -2.065479755401611328e-02 -7.359198927879333496e-01
1.344284404415527344e+09 -3.077738285064697266e-01 -4.731203615665435791e-01
1.344284404416015625e+09 -1.955900192260742188e-01 -2.785699367523193359e-01
1.344284404416503906e+09 9.192195534706115723e-02 -2.133552432060241699e-01
1.344284404416992188e+09 1.282263100147247314e-01 -4.926868379116058350e-01
1.344284404417480469e+09 1.546412706375122070e-03 -6.371477842330932617e-01
1.344284404417968750e+09 -3.296926319599151611e-01 -7.357180118560791016e-01
1.344284404418457031e+09 -6.293311119079589844e-01 -6.247788071632385254e-01
1.344284404418945312e+09 -9.748882651329040527e-01 -6.313570141792297363e-01
1.344284404419433594e+09 -1.216892957687377930e+00 -2.710815072059631348e-01
1.344284404419921875e+09 -1.370247602462768555e+00 1.876747012138366699e-01
1.344284404420410156e+09 -1.283450245857238770e+00 5.384134054183959961e-01
1.344284404420898438e+09 -1.072778582572937012e+00 7.565473318099975586e-01
1.344284404421386719e+09 -8.674943447113037109e-01 1.119527220726013184e+00
1.344284404421875000e+09 -3.858360052108764648e-01 1.253663182258605957e+00
1.344284404422363281e+09 -3.605175018310546875e-02 1.063218474388122559e+00
1.344284404422851562e+09 2.380098104476928711e-01 7.979378104209899902e-01
1.344284404423339844e+09 4.746210575103759766e-02 2.886079549789428711e-01
1.344284404423828125e+09 -2.845646142959594727e-01 4.379078745841979980e-01
1.344284404424316406e+09 -1.920505613088607788e-01 8.257907032966613770e-01
1.344284404424804688e+09 1.756539791822433472e-01 1.004043221473693848e+00
1.344284404425292969e+09 4.196942448616027832e-01 9.951231479644775391e-01
1.344284404425781250e+09 8.001224994659423828e-01 9.235004186630249023e-01
1.344284404426269531e+09 9.052369594573974609e-01 6.290227174758911133e-01
1.344284404426757812e+09 9.331814646720886230e-01 3.435512781143188477e-01
1.344284404427246094e+09 1.028533697128295898e+00 2.574500739574432373e-01
1.344284404427734375e+09 1.024638175964355469e+00 9.914866089820861816e-02
1.344284404428222656e+09 9.859009981155395508e-01 -8.945822715759277344e-02
1.344284404428710938e+09 8.215830326080322266e-01 -3.599657714366912842e-01
1.344284404429199219e+09 5.315573215484619141e-01 -6.582666635513305664e-01
1.344284404429687500e+09 5.870431661605834961e-02 -7.294936776161193848e-01
1.344284404430175781e+09 -1.770612597465515137e-01 -5.563951134681701660e-01
1.344284404430664062e+09 -1.186768412590026855e-01 -1.329045295715332031e-01
1.344284404431152344e+09 1.927264779806137085e-01 -2.880644798278808594e-02
1.344284404431640625e+09 4.884809255599975586e-01 -2.049485445022583008e-01
1.344284404432128906e+09 3.534662723541259766e-01 -7.165140509605407715e-01
1.344284404432617188e+09 -8.951546996831893921e-02 -6.987402439117431641e-01
1.344284404433105469e+09 -4.020159840583801270e-01 -4.981786608695983887e-01
1.344284404433593750e+09 -3.819924592971801758e-01 -6.489455699920654297e-02
1.344284404434082031e+09 -3.181713223457336426e-01 1.469886302947998047e-02
1.344284404434570312e+09 -3.385476171970367432e-01 1.118882298469543457e-01
1.344284404435058594e+09 -3.128292560577392578e-01 2.277023792266845703e-01
1.344284404435546875e+09 -1.851122379302978516e-01 3.948976993560791016e-01
1.344284404436035156e+09 9.506076574325561523e-02 4.703806042671203613e-01
1.344284404436523438e+09 3.606668710708618164e-01 2.465164363384246826e-01
1.344284404437011719e+09 5.695506334304809570e-01 8.509320020675659180e-02
1.344284404437500000e+09 5.195271372795104980e-01 -3.867710232734680176e-01
1.344284404437988281e+09 8.952915668487548828e-02 -5.846155285835266113e-01
1.344284404438476562e+09 -4.567645490169525146e-01 -5.653038024902343750e-01
1.344284404438964844e+09 -7.532910704612731934e-01 -8.923768997192382812e-03
1.344284404439453125e+09 -8.155121803283691406e-01 4.087803363800048828e-01
1.344284404439941406e+09 -3.800993561744689941e-01 9.675151109695434570e-01
1.344284404440429688e+09 1.920984983444213867e-01 1.045624971389770508e+00
1.344284404440917969e+09 8.757459521293640137e-01 1.013103961944580078e+00
1.344284404441406250e+09 1.399832367897033691e+00 4.601382613182067871e-01
1.344284404441894531e+09 1.593596458435058594e+00 -1.775988936424255371e-01
1.344284404442382812e+09 1.410082101821899414e+00 -7.955995202064514160e-01
1.344284404442871094e+09 1.004895687103271484e+00 -1.207132458686828613e+00
1.344284404443359375e+09 6.325767040252685547e-01 -1.552675724029541016e+00
1.344284404443847656e+09 1.682220697402954102e-01 -1.586802959442138672e+00
1.344284404444335938e+09 -2.654411792755126953e-01 -1.542542934417724609e+00
1.344284404444824219e+09 -8.170217275619506836e-01 -1.434557437896728516e+00
1.344284404445312500e+09 -1.197615861892700195e+00 -1.036349654197692871e+00
1.344284404445800781e+09 -1.322769880294799805e+00 -6.600481271743774414e-01
1.344284404446289062e+09 -1.338307499885559082e+00 -2.037918567657470703e-01
1.344284404446777344e+09 -1.128732085227966309e+00 1.097260713577270508e-01
1.344284404447265625e+09 -8.480845093727111816e-01 2.278624176979064941e-01
1.344284404447753906e+09 -8.241378664970397949e-01 2.257195115089416504e-01
1.344284404448242188e+09 -9.839600324630737305e-01 2.114431858062744141e-01
1.344284404448730469e+09 -9.416483640670776367e-01 4.044395685195922852e-01
1.344284404449218750e+09 -8.927615880966186523e-01 5.846214294433593750e-01
1.344284404449707031e+09 -6.028201580047607422e-01 7.400044202804565430e-01
1.344284404450195312e+09 -5.099704265594482422e-01 9.758355617523193359e-01
1.344284404450683594e+09 -3.247361779212951660e-01 9.543038010597229004e-01
1.344284404451171875e+09 -4.204062521457672119e-01 8.198126554489135742e-01
1.344284404451660156e+09 -5.247474908828735352e-01 9.604221582412719727e-01
1.344284404452148438e+09 -4.465546607971191406e-01 1.341730475425720215e+00
1.344284404452636719e+09 -1.503768861293792725e-01 1.610752224922180176e+00
1.344284404453125000e+09 2.530399560928344727e-01 1.601969242095947266e+00
1.344284404453613281e+09 4.306888580322265625e-01 1.521329879760742188e+00
1.344284404454101562e+09 6.026723384857177734e-01 1.548905730247497559e+00
1.344284404454589844e+09 9.449578523635864258e-01 1.488877773284912109e+00
1.344284404455078125e+09 1.457820534706115723e+00 1.352684855461120605e+00
1.344284404455566406e+09 1.661849498748779297e+00 9.034020900726318359e-01
1.344284404456054688e+09 1.503825664520263672e+00 4.161770939826965332e-01
1.344284404456542969e+09 1.265082955360412598e+00 3.299703299999237061e-01
1.344284404457031250e+09 1.401302456855773926e+00 6.162344813346862793e-01
1.344284404457519531e+09 1.964231014251708984e+00 7.283368706703186035e-01
1.344284404458007812e+09 2.529325723648071289e+00 3.112626075744628906e-01
1.344284404458496094e+09 3.030910015106201172e+00 -2.498080134391784668e-01
1.344284404458984375e+09 3.075312137603759766e+00 -1.175154447555541992e+00
1.344284404459472656e+09 2.796653747558593750e+00 -1.871889352798461914e+00
1.344284404459960938e+09 2.386029243469238281e+00 -2.542109489440917969e+00
1.344284404460449219e+09 1.774687051773071289e+00 -2.921778678894042969e+00
1.344284404460937500e+09 1.288760542869567871e+00 -3.080337762832641602e+00
1.344284404461425781e+09 1.014915347099304199e+00 -3.333261728286743164e+00
1.344284404461914062e+09 5.242698788642883301e-01 -3.770542144775390625e+00
1.344284404462402344e+09 -4.424247741699218750e-01 -4.180178642272949219e+00
1.344284404462890625e+09 -1.493275284767150879e+00 -3.925937175750732422e+00
1.344284404463378906e+09 -2.322361469268798828e+00 -3.463994503021240234e+00
1.344284404463867188e+09 -2.533974647521972656e+00 -2.754428148269653320e+00
1.344284404464355469e+09 -2.887250423431396484e+00 -2.591711044311523438e+00
1.344284404464843750e+09 -3.341850996017456055e+00 -2.183922767639160156e+00
1.344284404465332031e+09 -3.841254234313964844e+00 -1.583707571029663086e+00
1.344284404465820312e+09 -3.782893657684326172e+00 -6.420339345932006836e-01
1.344284404466308594e+09 -3.443558216094970703e+00 1.038134098052978516e-01
1.344284404466796875e+09 -3.138790607452392578e+00 2.245253324508666992e-01
1.344284404467285156e+09 -3.271887779235839844e+00 2.347362041473388672e-01
1.344284404467773438e+09 -3.506560325622558594e+00 4.070813655853271484e-01
1.344284404468261719e+09 -3.528770923614501953e+00 9.392821192741394043e-01
1.344284404468750000e+09 -3.422072410583496094e+00 1.389832496643066406e+00
1.344284404469238281e+09 -3.255661010742187500e+00 1.754156827926635742e+00
1.344284404469726562e+09 -3.443686008453369141e+00 2.002583026885986328e+00
1.344284404470214844e+09 -3.812385559082031250e+00 2.353988170623779297e+00
1.344284404470703125e+09 -4.175206184387207031e+00 3.452559709548950195e+00
1.344284404471191406e+09 -4.000432014465332031e+00 4.693247795104980469e+00
1.344284404471679688e+09 -3.094030380249023438e+00 5.968749046325683594e+00
1.344284404472167969e+09 -1.964210152626037598e+00 6.932608604431152344e+00
1.344284404472656250e+09 -5.963250994682312012e-01 7.726949691772460938e+00
1.344284404473144531e+09 1.120110392570495605e+00 8.050067901611328125e+00
1.344284404473632812e+09 2.908628463745117188e+00 7.871911048889160156e+00
1.344284404474121094e+09 4.468316078186035156e+00 7.280815124511718750e+00
1.344284404474609375e+09 5.806147575378417969e+00 6.224891662597656250e+00
1.344284404475097656e+09 7.118803024291992188e+00 5.447365283966064453e+00
1.344284404475585938e+09 8.466916084289550781e+00 3.963258028030395508e+00
1.344284404476074219e+09 9.708551406860351562e+00 2.035020828247070312e+00
1.344284404476562500e+09 1.016889953613281250e+01 -3.049368262290954590e-01
1.344284404477050781e+09 9.767118453979492188e+00 -2.930422782897949219e+00
1.344284404477539062e+09 8.467475891113281250e+00 -5.326902389526367188e+00
1.344284404478027344e+09 6.601831912994384766e+00 -6.811809539794921875e+00
1.344284404478515625e+09 4.572224617004394531e+00 -7.676832675933837891e+00
1.344284404479003906e+09 2.907743453979492188e+00 -8.003901481628417969e+00
1.344284404479492188e+09 1.317577362060546875e+00 -8.072330474853515625e+00
1.344284404479980469e+09 -5.558801889419555664e-01 -8.087071418762207031e+00
1.344284404480468750e+09 -2.413142681121826172e+00 -7.380649566650390625e+00
1.344284404480957031e+09 -3.677172660827636719e+00 -6.097928047180175781e+00
1.344284404481445312e+09 -4.388066768646240234e+00 -4.671965122222900391e+00
1.344284404481933594e+09 -4.738248348236083984e+00 -3.417566299438476562e+00
1.344284404482421875e+09 -4.965696334838867188e+00 -2.276693344116210938e+00
1.344284404482910156e+09 -4.841320514678955078e+00 -1.056801199913024902e+00
1.344284404483398438e+09 -4.445796489715576172e+00 1.490482091903686523e-01
1.344284404483886719e+09 -3.600772380828857422e+00 9.077439308166503906e-01
1.344284404484375000e+09 -2.954319000244140625e+00 1.274932861328125000e+00
1.344284404484863281e+09 -2.359399318695068359e+00 1.495448708534240723e+00
1.344284404485351562e+09 -1.789161324501037598e+00 1.671906113624572754e+00
1.344284404485839844e+09 -1.195726037025451660e+00 1.560652017593383789e+00
1.344284404486328125e+09 -6.507576107978820801e-01 1.316186904907226562e+00
1.344284404486816406e+09 -4.771449565887451172e-01 9.789950847625732422e-01
1.344284404487304688e+09 -4.698529243469238281e-01 6.057651042938232422e-01
1.344284404487792969e+09 -7.294247150421142578e-01 3.395769596099853516e-01
1.344284404488281250e+09 -9.789247512817382812e-01 2.117546796798706055e-01
1.344284404488769531e+09 -1.303880929946899414e+00 3.500349521636962891e-01
1.344284404489257812e+09 -1.369602918624877930e+00 1.088819980621337891e+00
1.344284404489746094e+09 -1.209412097930908203e+00 1.309064865112304688e+00
1.344284404490234375e+09 -9.390571117401123047e-01 1.775939941406250000e+00
1.344284404490722656e+09 -3.725507259368896484e-01 2.100794315338134766e+00
1.344284404491210938e+09 2.350845336914062500e-01 1.882328510284423828e+00
1.344284404491699219e+09 7.022184133529663086e-01 1.520234584808349609e+00
1.344284404492187500e+09 9.271515011787414551e-01 9.666090011596679688e-01
1.344284404492675781e+09 1.006536483764648438e+00 5.580515861511230469e-01
1.344284404493164062e+09 8.802161216735839844e-01 9.972095489501953125e-02
1.344284404493652344e+09 4.349430799484252930e-01 -3.353137969970703125e-01
1.344284404494140625e+09 -2.044358253479003906e-01 -4.139950275421142578e-01
1.344284404494628906e+09 -6.379263401031494141e-01 -8.259129524230957031e-02
1.344284404495117188e+09 -7.716457843780517578e-01 3.074973821640014648e-01
1.344284404495605469e+09 -7.687125205993652344e-01 6.720241904258728027e-01
1.344284404496093750e+09 -6.797206401824951172e-01 1.129225492477416992e+00
1.344284404496582031e+09 -6.752777099609375000e-01 1.246091365814208984e+00
1.344284404497070312e+09 -5.295417308807373047e-01 1.616521120071411133e+00
1.344284404497558594e+09 -1.917228698730468750e-01 2.014307022094726562e+00
1.344284404498046875e+09 3.139028549194335938e-01 2.232420444488525391e+00
1.344284404498535156e+09 1.061304330825805664e+00 2.381330490112304688e+00
1.344284404499023438e+09 1.686863064765930176e+00 2.113886594772338867e+00
1.344284404499511719e+09 2.203625440597534180e+00 1.649281024932861328e+00
1.344284404500000000e+09 2.514840364456176758e+00 1.113662958145141602e+00
1.344284404500488281e+09 2.918223381042480469e+00 6.228667497634887695e-01
1.344284404500976562e+09 3.120193004608154297e+00 -1.052629947662353516e-01
1.344284404501464844e+09 3.204617500305175781e+00 -6.664464473724365234e-01
1.344284404501953125e+09 2.910172462463378906e+00 -1.616520881652832031e+00
1.344284404502441406e+09 2.323269367218017578e+00 -2.226527929306030273e+00
1.344284404502929688e+09 1.576474785804748535e+00 -2.489588499069213867e+00
1.344284404503417969e+09 1.145136475563049316e+00 -2.406232357025146484e+00
1.344284404503906250e+09 1.110453128814697266e+00 -2.325479984283447266e+00
1.344284404504394531e+09 1.088402867317199707e+00 -2.438905239105224609e+00
1.344284404504882812e+09 5.969989299774169922e-01 -3.033480882644653320e+00
1.344284404505371094e+09 -3.633803725242614746e-01 -3.470391988754272461e+00
1.344284404505859375e+09 -1.152340292930603027e+00 -3.212451934814453125e+00
1.344284404506347656e+09 -1.612231135368347168e+00 -2.744252443313598633e+00
1.344284404506835938e+09 -1.643827199935913086e+00 -2.344659090042114258e+00
1.344284404507324219e+09 -2.012923955917358398e+00 -2.489436149597167969e+00
1.344284404507812500e+09 -2.982801437377929688e+00 -2.461782455444335938e+00
1.344284404508300781e+09 -3.860923051834106445e+00 -1.618252992630004883e+00
1.344284404508789062e+09 -4.042399406433105469e+00 -3.713633120059967041e-01
1.344284404509277344e+09 -3.508635997772216797e+00 7.174441814422607422e-01
1.344284404509765625e+09 -3.211513996124267578e+00 1.301518797874450684e+00
1.344284404510253906e+09 -2.901749610900878906e+00 1.627940654754638672e+00
1.344284404510742188e+09 -2.652201652526855469e+00 2.230843544006347656e+00
1.344284404511230469e+09 -2.029181957244873047e+00 2.846681118011474609e+00
1.344284404511718750e+09 -1.103983640670776367e+00 3.299910545349121094e+00
1.344284404512207031e+09 -3.493207097053527832e-01 2.948756694793701172e+00
1.344284404512695312e+09 3.002956509590148926e-02 2.894695520401000977e+00
1.344284404513183594e+09 6.469445228576660156e-01 2.859175205230712891e+00
1.344284404513671875e+09 1.325398921966552734e+00 2.495093822479248047e+00
1.344284404514160156e+09 1.815042972564697266e+00 1.991403102874755859e+00
1.344284404514648438e+09 1.727084159851074219e+00 1.304031372070312500e+00
1.344284404515136719e+09 1.539230585098266602e+00 1.025862812995910645e+00
1.344284404515625000e+09 1.590464115142822266e+00 1.181226491928100586e+00
1.344284404516113281e+09 2.011023044586181641e+00 8.901897072792053223e-01
1.344284404516601562e+09 2.292076110839843750e+00 4.042514562606811523e-01
1.344284404517089844e+09 2.221095561981201172e+00 1.767670661211013794e-01
1.344284404517578125e+09 2.262263536453247070e+00 -3.378059566020965576e-01
1.344284404518066406e+09 2.241711139678955078e+00 -7.842793464660644531e-01
1.344284404518554688e+09 2.013327121734619141e+00 -1.456506252288818359e+00
1.344284404519042969e+09 1.486037731170654297e+00 -2.001389265060424805e+00
1.344284404519531250e+09 9.332129359245300293e-01 -2.206624507904052734e+00
1.344284404520019531e+09 4.050009250640869141e-01 -2.269750833511352539e+00
1.344284404520507812e+09 1.154668927192687988e-01 -2.207928419113159180e+00
1.344284404520996094e+09 -3.730391561985015869e-01 -2.149068593978881836e+00
1.344284404521484375e+09 -6.139656901359558105e-01 -2.106970071792602539e+00
1.344284404521972656e+09 -1.301642179489135742e+00 -1.978479623794555664e+00
1.344284404522460938e+09 -2.021328449249267578e+00 -1.605980992317199707e+00
1.344284404522949219e+09 -2.548900127410888672e+00 -9.817618131637573242e-01
1.344284404523437500e+09 -2.467413187026977539e+00 -6.284996867179870605e-03
1.344284404523925781e+09 -2.097516775131225586e+00 6.383733749389648438e-01
1.344284404524414062e+09 -1.562967777252197266e+00 1.149499058723449707e+00
1.344284404524902344e+09 -1.042237639427185059e+00 1.315618634223937988e+00
1.344284404525390625e+09 -6.218228936195373535e-01 1.451461791992187500e+00
1.344284404525878906e+09 -2.344680726528167725e-01 1.313161253929138184e+00
1.344284404526367188e+09 1.128678321838378906e-01 1.237507104873657227e+00
1.344284404526855469e+09 4.180202484130859375e-01 1.114791870117187500e+00
1.344284404527343750e+09 8.250316381454467773e-01 8.376793861389160156e-01
1.344284404527832031e+09 1.024118185043334961e+00 3.688642978668212891e-01
1.344284404528320312e+09 7.848411202430725098e-01 -3.845194578170776367e-01
1.344284404528808594e+09 4.255323708057403564e-01 -4.699624478816986084e-01
1.344284404529296875e+09 3.425538539886474609e-02 -4.747509360313415527e-01
1.344284404529785156e+09 7.262048125267028809e-02 -2.652460932731628418e-01
1.344284404530273438e+09 -6.546879559755325317e-02 -4.116199016571044922e-01
1.344284404530761719e+09 -5.265996456146240234e-01 -3.679048418998718262e-01
1.344284404531250000e+09 -9.192812442779541016e-01 -8.020013570785522461e-02
1.344284404531738281e+09 -1.056563615798950195e+00 3.761326670646667480e-01
1.344284404532226562e+09 -8.359504342079162598e-01 8.267535567283630371e-01
1.344284404532714844e+09 -6.272911429405212402e-01 1.080540180206298828e+00
1.344284404533203125e+09 -5.846536159515380859e-02 1.311616063117980957e+00
1.344284404533691406e+09 2.907764911651611328e-01 1.076665163040161133e+00
1.344284404534179688e+09 5.729199647903442383e-01 8.032158613204956055e-01
1.344284404534667969e+09 5.337995290756225586e-01 6.666257381439208984e-01
1.344284404535156250e+09 4.455997943878173828e-01 7.346726655960083008e-01
1.344284404535644531e+09 5.882789492607116699e-01 9.662172794342041016e-01
1.344284404536132812e+09 6.711996793746948242e-01 8.496981263160705566e-01
1.344284404536621094e+09 9.340375661849975586e-01 8.689179420471191406e-01
1.344284404537109375e+09 1.319377303123474121e+00 8.224539160728454590e-01
1.344284404537597656e+09 1.835447788238525391e+00 6.970932483673095703e-01
1.344284404538085938e+09 2.307069301605224609e+00 7.915136218070983887e-02
1.344284404538574219e+09 2.268331527709960938e+00 -8.265062570571899414e-01
1.344284404539062500e+09 1.806399345397949219e+00 -1.485132217407226562e+00
1.344284404539550781e+09 1.393699884414672852e+00 -1.783626794815063477e+00
1.344284404540039062e+09 1.050511121749877930e+00 -2.076159477233886719e+00
1.344284404540527344e+09 5.957556962966918945e-01 -2.456853866577148438e+00
1.344284404541015625e+09 -5.049002170562744141e-02 -2.554988384246826172e+00
1.344284404541503906e+09 -8.511973619461059570e-01 -2.543928384780883789e+00
1.344284404541992188e+09 -1.512352347373962402e+00 -2.072393894195556641e+00
1.344284404542480469e+09 -2.068624019622802734e+00 -1.575492858886718750e+00
1.344284404542968750e+09 -2.264853715896606445e+00 -8.282072544097900391e-01
1.344284404543457031e+09 -2.205207347869873047e+00 4.611730575561523438e-03
1.344284404543945312e+09 -1.753782033920288086e+00 6.168346405029296875e-01
1.344284404544433594e+09 -1.135754346847534180e+00 8.066194653511047363e-01
1.344284404544921875e+09 -6.417390108108520508e-01 6.700840592384338379e-01
1.344284404545410156e+09 -3.391134738922119141e-01 4.331780076026916504e-01
1.344284404545898438e+09 -3.319718241691589355e-01 3.624498844146728516e-02
1.344284404546386719e+09 -3.922991752624511719e-01 -1.704412400722503662e-01
1.344284404546875000e+09 -5.930618047714233398e-01 -4.061866998672485352e-01
1.344284404547363281e+09 -1.069770336151123047e+00 -4.540873765945434570e-01
1.344284404547851562e+09 -1.406550168991088867e+00 -1.409684419631958008e-01
1.344284404548339844e+09 -1.667750597000122070e+00 2.240037918090820312e-01
1.344284404548828125e+09 -1.618718624114990234e+00 8.369711637496948242e-01
1.344284404549316406e+09 -1.285945653915405273e+00 1.215193271636962891e+00
1.344284404549804688e+09 -9.942224025726318359e-01 1.555212497711181641e+00
1.344284404550292969e+09 -6.220576763153076172e-01 1.785668611526489258e+00
1.344284404550781250e+09 -2.608482837677001953e-01 1.836331605911254883e+00
1.344284404551269531e+09 4.795559346675872803e-01 1.843947291374206543e+00
1.344284404551757812e+09 9.867422580718994141e-01 1.483652949333190918e+00
1.344284404552246094e+09 1.507201790809631348e+00 1.148662686347961426e+00
1.344284404552734375e+09 1.594268798828125000e+00 4.105848670005798340e-01
1.344284404553222656e+09 1.347635507583618164e+00 -4.910247027873992920e-02
1.344284404553710938e+09 1.061470746994018555e+00 -3.706993460655212402e-01
1.344284404554199219e+09 7.780758142471313477e-01 -4.803906381130218506e-01
1.344284404554687500e+09 5.951068997383117676e-01 -5.272522568702697754e-01
1.344284404555175781e+09 3.208678960800170898e-01 -4.665690362453460693e-01
1.344284404555664062e+09 1.485246717929840088e-01 -3.548425436019897461e-01
1.344284404556152344e+09 1.330422163009643555e-01 -1.006137728691101074e-01
1.344284404556640625e+09 3.735146522521972656e-01 -2.074410915374755859e-01
1.344284404557128906e+09 2.143106758594512939e-01 -3.526770472526550293e-01
1.344284404557617188e+09 -1.312273740768432617e-02 -3.907722830772399902e-01
1.344284404558105469e+09 -2.538022696971893311e-01 -1.788636445999145508e-01
1.344284404558593750e+09 -2.217320203781127930e-01 -1.355529725551605225e-01
1.344284404559082031e+09 -2.985996007919311523e-01 -1.458025127649307251e-01
1.344284404559570312e+09 -2.569253444671630859e-01 1.835846155881881714e-02
1.344284404560058594e+09 -1.201445460319519043e-01 1.784995198249816895e-03
1.344284404560546875e+09 4.152202606201171875e-02 5.717930197715759277e-02
1.344284404561035156e+09 -9.941458702087402344e-02 -3.085673451423645020e-01
1.344284404561523438e+09 -5.060402154922485352e-01 -9.528911113739013672e-02
1.344284404562011719e+09 -6.833805441856384277e-01 1.776424646377563477e-01
