1.344284404391113281e+09 -3.339158296585083008e-01 -9.040117263793945312e-02
1.344284404391601562e+09 -2.015700340270996094e-01 2.377158999443054199e-01
1.344284404392089844e+09 3.663897514343261719e-04 4.407777786254882812e-01
1.344284404392578125e+09 2.695754170417785645e-01 5.298798680305480957e-01
1.344284404393066406e+09 5.287815332412719727e-01 5.507771968841552734e-01
1.344284404393554688e+09 9.301258921623229980e-01 2.580973505973815918e-01
1.344284404394042969e+09 9.668674468994140625e-01 -1.217485964298248291e-01
1.344284404394531250e+09 8.803573250770568848e-01 -3.603932857513427734e-01
1.344284404395019531e+09 6.125833392143249512e-01 -6.216970682144165039e-01
1.344284404395507812e+09 4.653159976005554199e-01 -6.976269483566284180e-01
1.344284404395996094e+09 4.279788136482238770e-01 -8.381922841072082520e-01
1.344284404396484375e+09 2.222605049610137939e-01 -1.048133492469787598e+00
1.344284404396972656e+09 -1.794566214084625244e-02 -1.177369594573974609e+00
1.344284404397460938e+09 -6.049177646636962891e-01 -1.131528139114379883e+00
1.344284404397949219e+09 -1.107673287391662598e+00 -7.693086862564086914e-01
1.344284404398437500e+09 -1.173324465751647949e+00 -2.398632764816284180e-01
1.344284404398925781e+09 -9.921200871467590332e-01 4.342504143714904785e-01
1.344284404399414062e+09 -5.824094414710998535e-01 8.861436843872070312e-01
1.344284404399902344e+09 -1.334930360317230225e-01 1.011460661888122559e+00
1.344284404400390625e+09 1.748581528663635254e-01 1.044254422187805176e+00
1.344284404400878906e+09 5.526269078254699707e-01 9.666939973831176758e-01
1.344284404401367188e+09 9.216290116310119629e-01 7.823381423950195312e-01
1.344284404401855469e+09 1.237277507781982422e+00 3.198792040348052979e-01
1.344284404402343750e+09 1.243903517723083496e+00 -1.204296946525573730e-01
1.344284404402832031e+09 1.151896834373474121e+00 -5.710170269012451172e-01
1.344284404403320312e+09 9.284824132919311523e-01 -9.863141775131225586e-01
1.344284404403808594e+09 6.919676065444946289e-01 -1.249745368957519531e+00
1.344284404404296875e+09 2.759511470794677734e-01 -1.358639717102050781e+00
1.344284404404785156e+09 -2.982220053672790527e-02 -1.412791728973388672e+00
1.344284404405273438e+09 -5.060158967971801758e-01 -1.455240011215209961e+00
1.344284404405761719e+09 -8.402867913246154785e-01 -1.389260768890380859e+00
1.344284404406250000e+09 -1.236593961715698242e+00 -9.803360104560852051e-01
1.344284404406738281e+09 -1.471886396408081055e+00 -4.829645454883575439e-01
1.344284404407226562e+09 -1.422811031341552734e+00 1.292337328195571899e-01
1.344284404407714844e+09 -1.266412258148193359e+00 5.965292453765869141e-01
1.344284404408203125e+09 -9.886745214462280273e-01 8.642392158508300781e-01
1.344284404408691406e+09 -5.689958333969116211e-01 1.081113815307617188e+00
1.344284404409179688e+09 -1.715035438537597656e-01 1.199154853820800781e+00
1.344284404409667969e+09 3.043020069599151611e-01 1.158601999282836914e+00
1.344284404410156250e+09 6.064316034317016602e-01 7.388970851898193359e-01
1.344284404410644531e+09 6.739045977592468262e-01 5.168647766113281250e-01
1.344284404411132812e+09 8.212754726409912109e-01 2.351655364036560059e-01
1.344284404411621094e+09 8.587664961814880371e-01 -9.823697805404663086e-02
1.344284404412109375e+09 6.941540837287902832e-01 -5.685199499130249023e-01
1.344284404412597656e+09 3.586704730987548828e-01 -8.073841333389282227e-01
1.344284404413085938e+09 -1.531515121459960938e-01 -7.920664548873901367e-01
1.344284404413574219e+09 -3.801016807556152344e-01 -5.907084941864013672e-01
1.344284404414062500e+09 -4.076527953147888184e-01 -1.631309688091278076e-01
1.344284404414550781e+09 -4.148767590522766113e-01 -4.367415606975555420e-02
1.344284404415039062e+09 -2.904646992683410645e-01 1.437020897865295410e-01
1.344284404415527344e+09 5.899071693420410156e-03 2.101111710071563721e-01
1.344284404416015625e+09 1.634268164634704590e-01 1.118639707565307617e-01
1.344284404416503906e+09 3.195261061191558838e-01 -5.965453386306762695e-02
1.344284404416992188e+09 3.008795380592346191e-01 -1.986690014600753784e-01
1.344284404417480469e+09 3.035467267036437988e-01 -3.370972275733947754e-01
1.344284404417968750e+09 2.586064934730529785e-01 -6.582990884780883789e-01
1.344284404418457031e+09 -3.003464639186859131e-02 -8.587688207626342773e-01
1.344284404418945312e+09 -4.328210353851318359e-01 -9.245438575744628906e-01
1.344284404419433594e+09 -8.115864992141723633e-01 -8.552791476249694824e-01
1.344284404419921875e+09 -1.012177109718322754e+00 -5.123458504676818848e-01
1.344284404420410156e+09 -1.255881428718566895e+00 -3.317094445228576660e-01
1.344284404420898438e+09 -1.250597357749938965e+00 5.580472946166992188e-02
1.344284404421386719e+09 -1.180018186569213867e+00 2.948614656925201416e-01
1.344284404421875000e+09 -1.050941228866577148e+00 4.885581731796264648e-01
1.344284404422363281e+09 -1.048937559127807617e+00 7.866263389587402344e-01
1.344284404422851562e+09 -8.736352920532226562e-01 1.103874564170837402e+00
1.344284404423339844e+09 -4.605628848075866699e-01 1.346267700195312500e+00
1.344284404423828125e+09 -3.219306468963623047e-02 1.297285199165344238e+00
1.344284404424316406e+09 2.879671454429626465e-01 1.051943778991699219e+00
1.344284404424804688e+09 4.482154846191406250e-01 8.756237030029296875e-01
1.344284404425292969e+09 5.919436216354370117e-01 8.349766731262207031e-01
1.344284404425781250e+09 9.050355553627014160e-01 5.046362876892089844e-01
1.344284404426269531e+09 9.929162263870239258e-01 8.437436819076538086e-02
1.344284404426757812e+09 7.618577480316162109e-01 -4.819730222225189209e-01
1.344284404427246094e+09 2.503406405448913574e-01 -8.392083644866943359e-01
1.344284404427734375e+09 -3.407630324363708496e-01 -7.336003184318542480e-01
1.344284404428222656e+09 -6.248911619186401367e-01 -4.060732126235961914e-01
1.344284404428710938e+09 -7.073541283607482910e-01 -6.108739972114562988e-02
1.344284404429199219e+09 -7.883558869361877441e-01 2.596158087253570557e-01
1.344284404429687500e+09 -6.381786465644836426e-01 6.225892901420593262e-01
1.344284404430175781e+09 -4.178043603897094727e-01 9.010075926780700684e-01
1.344284404430664062e+09 -5.128475651144981384e-02 1.040289044380187988e+00
1.344284404431152344e+09 3.520205616950988770e-01 8.438074588775634766e-01
1.344284404431640625e+09 4.184088110923767090e-01 7.189745306968688965e-01
1.344284404432128906e+09 4.274786710739135742e-01 6.490006446838378906e-01
1.344284404432617188e+09 4.923062920570373535e-01 7.443255186080932617e-01
1.344284404433105469e+09 7.746819257736206055e-01 8.736466169357299805e-01
1.344284404433593750e+09 1.230007290840148926e+00 7.046046853065490723e-01
1.344284404434082031e+09 1.488456726074218750e+00 3.403647541999816895e-01
1.344284404434570312e+09 1.617002964019775391e+00 -1.402976363897323608e-01
1.344284404435058594e+09 1.549869418144226074e+00 -6.849881410598754883e-01
1.344284404435546875e+09 1.196443557739257812e+00 -1.197795033454895020e+00
1.344284404436035156e+09 7.026070356369018555e-01 -1.217216134071350098e+00
1.344284404436523438e+09 4.301263689994812012e-01 -1.221628904342651367e+00
1.344284404437011719e+09 6.839387118816375732e-02 -1.144998073577880859e+00
1.344284404437500000e+09 -2.477597594261169434e-01 -1.066728353500366211e+00
1.344284404437988281e+09 -6.247763037681579590e-01 -8.560025691986083984e-01
1.344284404438476562e+09 -7.087707519531250000e-01 -3.742457926273345947e-01
1.344284404438964844e+09 -4.721173346042633057e-01 -5.341458320617675781e-02
1.344284404439453125e+09 -8.748349547386169434e-02 1.171362325549125671e-01
1.344284404439941406e+09 2.239836305379867554e-01 5.849773436784744263e-02
1.344284404440429688e+09 4.593167603015899658e-01 -1.579791903495788574e-01
1.344284404440917969e+09 4.791653752326965332e-01 -5.896959304809570312e-01
1.344284404441406250e+09 2.389059066772460938e-01 -8.607237935066223145e-01
1.344284404441894531e+09 -1.196768134832382202e-01 -8.492633104324340820e-01
1.344284404442382812e+09 -3.209788501262664795e-01 -6.495372056961059570e-01
1.344284404442871094e+09 -3.434063792228698730e-01 -5.516645908355712891e-01
1.344284404443359375e+09 -4.019196927547454834e-01 -4.513841271400451660e-01
1.344284404443847656e+09 -5.792155861854553223e-01 -4.034096896648406982e-01
1.344284404444335938e+09 -6.457703709602355957e-01 -3.147482275962829590e-01
1.344284404444824219e+09 -5.718722343444824219e-01 -1.843023896217346191e-01
1.344284404445312500e+09 -5.260114073753356934e-01 2.091209590435028076e-02
1.344284404445800781e+09 -4.368180632591247559e-01 1.139857769012451172e-01
1.344284404446289062e+09 -2.152177095413208008e-01 1.364111900329589844e-01
1.344284404446777344e+09 -1.273734271526336670e-01 -1.113927364349365234e-02
1.344284404447265625e+09 -6.037089228630065918e-02 -9.089231491088867188e-02
1.344284404447753906e+09 -1.790979504585266113e-01 -2.624632120132446289e-01
1.344284404448242188e+09 -2.892936766147613525e-01 -2.916372418403625488e-01
1.344284404448730469e+09 -2.721779942512512207e-01 -1.575418114662170410e-01
1.344284404449218750e+09 -2.551630437374114990e-01 -2.690276503562927246e-01
1.344284404449707031e+09 -2.595162391662597656e-01 -4.549879431724548340e-01
1.344284404450195312e+09 -4.098145663738250732e-01 -5.104280114173889160e-01
1.344284404450683594e+09 -6.128745079040527344e-01 -6.297056674957275391e-01
1.344284404451171875e+09 -9.306235909461975098e-01 -5.676684379577636719e-01
1.344284404451660156e+09 -1.139195203781127930e+00 -2.607723474502563477e-01
1.344284404452148438e+09 -1.318520665168762207e+00 2.392460405826568604e-02
1.344284404452636719e+09 -1.449255228042602539e+00 3.523538410663604736e-01
1.344284404453125000e+09 -1.436583518981933594e+00 5.507644414901733398e-01
1.344284404453613281e+09 -1.443639636039733887e+00 9.602972269058227539e-01
1.344284404454101562e+09 -1.317998290061950684e+00 1.489966630935668945e+00
1.344284404454589844e+09 -9.967366456985473633e-01 1.943645238876342773e+00
1.344284404455078125e+09 -5.026468634605407715e-01 2.300436019897460938e+00
1.344284404455566406e+09 8.638837933540344238e-02 2.200135946273803711e+00
1.344284404456054688e+09 5.002453327178955078e-01 2.139680385589599609e+00
1.344284404456542969e+09 1.085387349128723145e+00 1.965787053108215332e+00
1.344284404457031250e+09 1.656353116035461426e+00 1.784425139427185059e+00
1.344284404457519531e+09 2.052510976791381836e+00 1.308439970016479492e+00
1.344284404458007812e+09 2.201478242874145508e+00 6.070503592491149902e-01
1.344284404458496094e+09 2.141196966171264648e+00 -3.353619575500488281e-02
1.344284404458984375e+09 1.759607672691345215e+00 -4.152534008026123047e-01
1.344284404459472656e+09 1.510043978691101074e+00 -5.516072511672973633e-01
1.344284404459960938e+09 1.277935862541198730e+00 -7.039381265640258789e-01
1.344284404460449219e+09 1.148314595222473145e+00 -8.306076526641845703e-01
1.344284404460937500e+09 8.494615554809570312e-01 -1.224259257316589355e+00
1.344284404461425781e+09 4.031180143356323242e-01 -1.441836833953857422e+00
1.344284404461914062e+09 -1.416385769844055176e-01 -1.469962596893310547e+00
1.344284404462402344e+09 -6.417021155357360840e-01 -1.167514562606811523e+00
1.344284404462890625e+09 -1.022970318794250488e+00 -8.102393746376037598e-01
1.344284404463378906e+09 -1.354958415031433105e+00 -4.536514282226562500e-01
1.344284404463867188e+09 -1.532122611999511719e+00 6.273281574249267578e-02
1.344284404464355469e+09 -1.419443130493164062e+00 6.266549825668334961e-01
1.344284404464843750e+09 -1.036663055419921875e+00 1.067475318908691406e+00
1.344284404465332031e+09 -5.823839902877807617e-01 1.429123997688293457e+00
1.344284404465820312e+09 -5.646497011184692383e-02 1.622687578201293945e+00
1.344284404466308594e+09 3.124576807022094727e-01 1.489935159683227539e+00
1.344284404466796875e+09 7.057534456253051758e-01 1.301757097244262695e+00
1.344284404467285156e+09 8.621689081192016602e-01 1.057342290878295898e+00
1.344284404467773438e+09 1.040059208869934082e+00 9.023576378822326660e-01
1.344284404468261719e+09 1.163068532943725586e+00 5.347836017608642578e-01
1.344284404468750000e+09 1.178063988685607910e+00 4.114865064620971680e-01
1.344284404469238281e+09 1.164711117744445801e+00 1.754191517829895020e-01
1.344284404469726562e+09 1.101873993873596191e+00 1.016986370086669922e-02
1.344284404470214844e+09 9.093011617660522461e-01 -1.472508311271667480e-01
1.344284404470703125e+09 9.320914745330810547e-01 -2.680903673171997070e-02
1.344284404471191406e+09 7.371647953987121582e-01 1.077508926391601562e-01
1.344284404471679688e+09 9.571411609649658203e-01 8.329984545707702637e-02
1.344284404472167969e+09 1.156022310256958008e+00 7.282733917236328125e-03
1.344284404472656250e+09 1.497343897819519043e+00 -1.056388765573501587e-01
1.344284404473144531e+09 1.759776473045349121e+00 -5.102115869522094727e-01
1.344284404473632812e+09 1.792889952659606934e+00 -1.178652286529541016e+00
1.344284404474121094e+09 1.454458355903625488e+00 -1.758949041366577148e+00
1.344284404474609375e+09 1.054606199264526367e+00 -2.025705814361572266e+00
1.344284404475097656e+09 5.144988894462585449e-01 -2.041181564331054688e+00
1.344284404475585938e+09 2.795333266258239746e-01 -2.091718196868896484e+00
1.344284404476074219e+09 -1.649116277694702148e-01 -2.051116466522216797e+00
1.344284404476562500e+09 -5.338703393936157227e-01 -2.032185792922973633e+00
1.344284404477050781e+09 -8.552938103675842285e-01 -1.831687450408935547e+00
1.344284404477539062e+09 -9.764105081558227539e-01 -1.643277883529663086e+00
1.344284404478027344e+09 -1.177785158157348633e+00 -1.460997223854064941e+00
1.344284404478515625e+09 -1.440963506698608398e+00 -1.314046978950500488e+00
1.344284404479003906e+09 -1.507815599441528320e+00 -1.088606476783752441e+00
1.344284404479492188e+09 -1.591501235961914062e+00 -9.963675737380981445e-01
1.344284404479980469e+09 -1.790970802307128906e+00 -8.746935725212097168e-01
1.344284404480468750e+09 -2.166474819183349609e+00 -6.233086585998535156e-01
1.344284404480957031e+09 -2.419740438461303711e+00 -1.494224071502685547e-01
1.344284404481445312e+09 -2.450011730194091797e+00 4.975629448890686035e-01
1.344284404481933594e+09 -2.224204301834106445e+00 1.010431051254272461e+00
1.344284404482421875e+09 -1.959017038345336914e+00 1.382345318794250488e+00
1.344284404482910156e+09 -1.533243060111999512e+00 1.827331781387329102e+00
1.344284404483398438e+09 -1.167894244194030762e+00 2.052207469940185547e+00
1.344284404483886719e+09 -6.980305314064025879e-01 2.045802593231201172e+00
1.344284404484375000e+09 -4.256400763988494873e-01 1.972964525222778320e+00
1.344284404484863281e+09 -1.847268044948577881e-01 2.071660280227661133e+00
1.344284404485351562e+09 1.525686085224151611e-01 2.059204816818237305e+00
1.344284404485839844e+09 4.081104099750518799e-01 2.007467985153198242e+00
1.344284404486328125e+09 7.979646921157836914e-01 1.827019453048706055e+00
1.344284404486816406e+09 1.036062479019165039e+00 1.574354648590087891e+00
1.344284404487304688e+09 1.265969157218933105e+00 1.238485217094421387e+00
1.344284404487792969e+09 1.593914508819580078e+00 7.875752449035644531e-01
1.344284404488281250e+09 1.750910043716430664e+00 3.286508917808532715e-01
1.344284404488769531e+09 1.547986268997192383e+00 -7.128188014030456543e-02
1.344284404489257812e+09 1.367638587951660156e+00 -4.388374090194702148e-01
1.344284404489746094e+09 1.059887647628784180e+00 -7.166309952735900879e-01
1.344284404490234375e+09 7.922827005386352539e-01 -8.828305006027221680e-01
1.344284404490722656e+09 4.249327778816223145e-01 -1.067277908325195312e+00
1.344284404491210938e+09 4.545302689075469971e-02 -1.023328304290771484e+00
1.344284404491699219e+09 -5.071313679218292236e-02 -8.214447498321533203e-01
1.344284404492187500e+09 -1.780036538839340210e-01 -7.207737565040588379e-01
1.344284404492675781e+09 -1.936386823654174805e-01 -7.004122138023376465e-01
1.344284404493164062e+09 -4.236568808555603027e-01 -6.019792556762695312e-01
1.344284404493652344e+09 -5.946840047836303711e-01 -5.856481790542602539e-01
1.344284404494140625e+09 -6.624251604080200195e-01 -4.785168170928955078e-01
1.344284404494628906e+09 -7.764025330543518066e-01 -2.232762873172760010e-01
1.344284404495117188e+09 -6.681661605834960938e-01 1.741613447666168213e-02
1.344284404495605469e+09 -5.629330873489379883e-01 2.235959768295288086e-01
1.344284404496093750e+09 -4.127253890037536621e-01 1.438776999711990356e-01
1.344284404496582031e+09 -3.457231521606445312e-01 5.077037215232849121e-02
1.344284404497070312e+09 -5.152466297149658203e-01 8.462756872177124023e-02
1.344284404497558594e+09 -5.212166309356689453e-01 2.021418511867523193e-01
1.344284404498046875e+09 -3.995770514011383057e-01 4.333420097827911377e-01
1.344284404498535156e+09 -3.351046144962310791e-01 6.130055785179138184e-01
1.344284404499023438e+09 -1.135336011648178101e-01 6.756321191787719727e-01
1.344284404499511719e+09 -6.510141491889953613e-02 5.407252907752990723e-01
1.344284404500000000e+09 4.723975062370300293e-02 5.592608451843261719e-01
1.344284404500488281e+09 4.045432806015014648e-02 7.267718911170959473e-01
1.344284404500976562e+09 7.010844349861145020e-02 8.580269217491149902e-01
1.344284404501464844e+09 2.757186889648437500e-01 8.974674940109252930e-01
1.344284404501953125e+09 5.135454535484313965e-01 9.196850061416625977e-01
1.344284404502441406e+09 5.793769955635070801e-01 8.276416659355163574e-01
1.344284404502929688e+09 7.343972921371459961e-01 6.753857135772705078e-01
1.344284404503417969e+09 8.501047492027282715e-01 6.559113860130310059e-01
1.344284404503906250e+09 1.182201623916625977e+00 5.160538554191589355e-01
1.344284404504394531e+09 1.312594175338745117e+00 1.727907359600067139e-01
1.344284404504882812e+09 1.353477239608764648e+00 -1.795772314071655273e-01
1.344284404505371094e+09 1.341268658638000488e+00 -4.511524438858032227e-01
1.344284404505859375e+09 1.099809765815734863e+00 -7.065147161483764648e-01
1.344284404506347656e+09 8.597616553306579590e-01 -9.101836681365966797e-01
1.344284404506835938e+09 6.102310419082641602e-01 -9.102691411972045898e-01
1.344284404507324219e+09 5.051224231719970703e-01 -8.028410673141479492e-01
1.344284404507812500e+09 5.820483565330505371e-01 -8.613215684890747070e-01
1.344284404508300781e+09 4.779811501502990723e-01 -1.061820983886718750e+00
1.344284404508789062e+09 3.074805140495300293e-01 -1.166551113128662109e+00
1.344284404509277344e+09 6.915271282196044922e-03 -1.461083054542541504e+00
1.344284404509765625e+09 -5.629236102104187012e-01 -1.411601781845092773e+00
1.344284404510253906e+09 -9.628871083259582520e-01 -1.082736015319824219e+00
1.344284404510742188e+09 -1.395159244537353516e+00 -5.349371433258056641e-01
1.344284404511230469e+09 -1.233774185180664062e+00 9.683132171630859375e-02
1.344284404511718750e+09 -8.710322976112365723e-01 5.650708675384521484e-01
1.344284404512207031e+09 -4.717119336128234863e-01 7.018774747848510742e-01
1.344284404512695312e+09 -1.668604612350463867e-01 5.991967916488647461e-01
1.344284404513183594e+09 1.154011711478233337e-01 5.180789232254028320e-01
1.344284404513671875e+09 4.729659557342529297e-01 2.798929214477539062e-01
1.344284404514160156e+09 6.082608699798583984e-01 4.222840070724487305e-02
1.344284404514648438e+09 4.835594296455383301e-01 -2.708721756935119629e-01
1.344284404515136719e+09 3.922791182994842529e-01 -5.359069108963012695e-01
1.344284404515625000e+09 2.091579884290695190e-01 -6.189391613006591797e-01
1.344284404516113281e+09 -3.196507692337036133e-03 -6.761392354965209961e-01
1.344284404516601562e+09 -1.849200725555419922e-01 -5.693741440773010254e-01
1.344284404517089844e+09 -3.227930366992950439e-01 -5.343641042709350586e-01
1.344284404517578125e+09 -1.239307522773742676e-01 -4.405270218849182129e-01
1.344284404518066406e+09 -2.249445617198944092e-01 -5.838060379028320312e-01
1.344284404518554688e+09 -3.554843664169311523e-01 -7.075958251953125000e-01
1.344284404519042969e+09 -5.774351358413696289e-01 -6.089419126510620117e-01
1.344284404519531250e+09 -8.199002146720886230e-01 -4.225695729255676270e-01
1.344284404520019531e+09 -1.040363669395446777e+00 -3.314829766750335693e-01
1.344284404520507812e+09 -1.099695563316345215e+00 -7.347348332405090332e-02
1.344284404520996094e+09 -9.655158519744873047e-01 2.831374108791351318e-01
1.344284404521484375e+09 -8.193241953849792480e-01 4.875223636627197266e-01
1.344284404521972656e+09 -7.038071155548095703e-01 7.918431758880615234e-01
1.344284404522460938e+09 -5.700181126594543457e-01 9.585248827934265137e-01
1.344284404522949219e+09 -2.448087334632873535e-01 1.246451616287231445e+00
1.344284404523437500e+09 1.303754746913909912e-01 1.408384442329406738e+00
1.344284404523925781e+09 1.000937461853027344e+00 1.346382379531860352e+00
1.344284404524414062e+09 1.560102462768554688e+00 7.468749880790710449e-01
1.344284404524902344e+09 1.699977159500122070e+00 -4.129701852798461914e-02
1.344284404525390625e+09 1.532251238822937012e+00 -8.239927291870117188e-01
1.344284404525878906e+09 1.032581806182861328e+00 -1.493766784667968750e+00
1.344284404526367188e+09 1.850319504737854004e-01 -1.805912733078002930e+00
1.344284404526855469e+09 -7.512382268905639648e-01 -1.658547163009643555e+00
1.344284404527343750e+09 -1.295085906982421875e+00 -1.206456184387207031e+00
1.344284404527832031e+09 -1.373876571655273438e+00 -6.938871741294860840e-01
1.344284404528320312e+09 -1.590146422386169434e+00 -2.869184017181396484e-01
1.344284404528808594e+09 -1.619078755378723145e+00 -6.154704093933105469e-02
1.344284404529296875e+09 -1.612287282943725586e+00 3.310270309448242188e-01
1.344284404529785156e+09 -1.290359854698181152e+00 6.449226140975952148e-01
1.344284404530273438e+09 -9.321552515029907227e-01 1.003949165344238281e+00
1.344284404530761719e+09 -8.161044716835021973e-01 1.029137492179870605e+00
1.344284404531250000e+09 -8.154223561286926270e-01 1.091073393821716309e+00
1.344284404531738281e+09 -7.644065618515014648e-01 1.278568029403686523e+00
1.344284404532226562e+09 -6.979081630706787109e-01 1.549261689186096191e+00
1.344284404532714844e+09 -2.439383268356323242e-01 1.821071743965148926e+00
1.344284404533203125e+09 3.878725767135620117e-01 1.868108510971069336e+00
1.344284404533691406e+09 9.630318284034729004e-01 1.517515659332275391e+00
1.344284404534179688e+09 1.252644062042236328e+00 9.174255132675170898e-01
1.344284404534667969e+09 1.213758826255798340e+00 4.417662024497985840e-01
1.344284404535156250e+09 1.095186948776245117e+00 9.253561496734619141e-02
1.344284404535644531e+09 8.441061973571777344e-01 -7.962477207183837891e-02
1.344284404536132812e+09 5.172461271286010742e-01 -1.383448839187622070e-01
1.344284404536621094e+09 2.150242030620574951e-01 -8.089265227317810059e-02
1.344284404537109375e+09 1.131574809551239014e-01 1.158689260482788086e-01
1.344284404537597656e+09 2.689939141273498535e-01 3.129022419452667236e-01
1.344284404538085938e+09 5.752081871032714844e-01 5.954475402832031250e-01
1.344284404538574219e+09 9.251075983047485352e-01 4.689422547817230225e-01
1.344284404539062500e+09 1.079885125160217285e+00 2.181510925292968750e-01
1.344284404539550781e+09 1.155574083328247070e+00 -1.139148473739624023e-01
1.344284404540039062e+09 1.110440492630004883e+00 -4.435147643089294434e-01
1.344284404540527344e+09 1.100787043571472168e+00 -7.713111639022827148e-01
1.344284404541015625e+09 7.356786727905273438e-01 -1.039460182189941406e+00
1.344284404541503906e+09 4.206011593341827393e-01 -1.016592264175415039e+00
1.344284404541992188e+09 4.558914899826049805e-02 -1.119675397872924805e+00
1.344284404542480469e+09 -6.141155958175659180e-02 -1.111075639724731445e+00
1.344284404542968750e+09 -3.362702429294586182e-01 -1.092756867408752441e+00
1.344284404543457031e+09 -7.127643823623657227e-01 -1.070228099822998047e+00
1.344284404543945312e+09 -9.079816341400146484e-01 -8.508357405662536621e-01
1.344284404544433594e+09 -1.233784437179565430e+00 -6.715763211250305176e-01
1.344284404544921875e+09 -1.519084572792053223e+00 -2.623999714851379395e-01
1.344284404545410156e+09 -1.482886314392089844e+00 3.697275519371032715e-01
1.344284404545898438e+09 -1.265051007270812988e+00 8.630248904228210449e-01
1.344284404546386719e+09 -8.853141069412231445e-01 1.310840725898742676e+00
1.344284404546875000e+09 -3.813364207744598389e-01 1.757347226142883301e+00
1.344284404547363281e+09 2.770189940929412842e-01 1.781470060348510742e+00
1.344284404547851562e+09 7.549294233322143555e-01 1.602388143539428711e+00
1.344284404548339844e+09 1.087310552597045898e+00 1.431822657585144043e+00
1.344284404548828125e+09 1.375367879867553711e+00 9.368538856506347656e-01
1.344284404549316406e+09 1.440797328948974609e+00 5.934623479843139648e-01
1.344284404549804688e+09 1.510723590850830078e+00 1.104630231857299805e-01
1.344284404550292969e+09 1.349963665008544922e+00 -1.773227304220199585e-01
1.344284404550781250e+09 1.041517376899719238e+00 -3.234931528568267822e-01
1.344284404551269531e+09 1.030519247055053711e+00 -2.212628126144409180e-01
1.344284404551757812e+09 1.138315916061401367e+00 -2.897060215473175049e-01
1.344284404552246094e+09 1.289195179939270020e+00 -6.598573923110961914e-01
1.344284404552734375e+09 1.119258522987365723e+00 -1.016203165054321289e+00
1.344284404553222656e+09 6.918776631355285645e-01 -1.098328113555908203e+00
1.344284404553710938e+09 5.444203615188598633e-01 -9.860758781433105469e-01
1.344284404554199219e+09 6.139178872108459473e-01 -9.666545391082763672e-01
1.344284404554687500e+09 6.199145317077636719e-01 -1.118820786476135254e+00
1.344284404555175781e+09 5.256190299987792969e-01 -1.395164132118225098e+00
1.344284404555664062e+09 1.434414982795715332e-01 -1.641520500183105469e+00
1.344284404556152344e+09 -1.628689765930175781e-01 -1.845859050750732422e+00
1.344284404556640625e+09 -6.263715624809265137e-01 -1.616150259971618652e+00
1.344284404557128906e+09 -9.037919640541076660e-01 -1.348640203475952148e+00
1.344284404557617188e+09 -9.721077680587768555e-01 -1.093775391578674316e+00
1.344284404558105469e+09 -1.100708246231079102e+00 -9.947596788406372070e-01
1.344284404558593750e+09 -1.253564000129699707e+00 -1.030084609985351562e+00
1.344284404559082031e+09 -1.428525924682617188e+00 -8.772488832473754883e-01
1.344284404559570312e+09 -1.644358158111572266e+00 -5.787353515625000000e-01
1.344284404560058594e+09 -1.740683078765869141e+00 -2.091737687587738037e-01
1.344284404560546875e+09 -1.927300333976745605e+00 2.053372561931610107e-01
1.344284404561035156e+09 -1.852581977844238281e+00 6.843044757843017578e-01
1.344284404561523438e+09 -1.458810210227966309e+00 9.540585875511169434e-01
1.344284404562011719e+09 -1.146268606185913086e+00 1.108492255210876465e+00
