1.344284404391113281e+09 1.688521265983581543e+00 -1.313948392868041992e+00
1.344284404391601562e+09 1.533365011215209961e+00 -1.387457847595214844e+00
1.344284404392089844e+09 1.241662859916687012e+00 -1.609258651733398438e+00
1.344284404392578125e+09 1.056227207183837891e+00 -1.815167427062988281e+00
1.344284404393066406e+09 6.255532503128051758e-01 -2.028700590133666992e+00
1.344284404393554688e+09 2.081686258316040039e-01 -1.904442071914672852e+00
1.344284404394042969e+09 3.258961439132690430e-02 -1.768841028213500977e+00
1.344284404394531250e+09 -4.033738374710083008e-02 -1.754555106163024902e+00
1.344284404395019531e+09 -3.422118425369262695e-01 -1.783310651779174805e+00
1.344284404395507812e+09 -7.257913947105407715e-01 -1.849131584167480469e+00
1.344284404395996094e+09 -1.168884038925170898e+00 -1.453907966613769531e+00
1.344284404396484375e+09 -1.304727554321289062e+00 -1.047340512275695801e+00
1.344284404396972656e+09 -1.243382215499877930e+00 -9.151434898376464844e-01
1.344284404397460938e+09 -1.275820136070251465e+00 -7.483275532722473145e-01
1.344284404397949219e+09 -1.375899076461791992e+00 -5.065691471099853516e-01
1.344284404398437500e+09 -1.438955307006835938e+00 -3.499890565872192383e-01
1.344284404398925781e+09 -1.447681665420532227e+00 -1.955085992813110352e-01
1.344284404399414062e+09 -1.524314999580383301e+00 -5.254954099655151367e-02
1.344284404399902344e+09 -1.639251232147216797e+00 2.154066562652587891e-01
1.344284404400390625e+09 -1.593031764030456543e+00 6.756390929222106934e-01
1.344284404400878906e+09 -1.292682051658630371e+00 1.077843189239501953e+00
1.344284404401367188e+09 -8.982765078544616699e-01 1.298414707183837891e+00
1.344284404401855469e+09 -4.970314502716064453e-01 1.291961908340454102e+00
1.344284404402343750e+09 -2.360439300537109375e-01 1.236233592033386230e+00
1.344284404402832031e+09 1.603317260742187500e-02 1.151326298713684082e+00
1.344284404403320312e+09 2.072428464889526367e-01 9.808228611946105957e-01
1.344284404403808594e+09 3.708251118659973145e-01 7.555087208747863770e-01
1.344284404404296875e+09 3.846274018287658691e-01 6.318004727363586426e-01
1.344284404404785156e+09 4.573270082473754883e-01 5.459860563278198242e-01
1.344284404405273438e+09 6.575138568878173828e-01 1.346732378005981445e-01
1.344284404405761719e+09 3.395792245864868164e-01 -1.930604577064514160e-01
1.344284404406250000e+09 -2.257792949676513672e-01 -1.879372298717498779e-01
1.344284404406738281e+09 -3.677155971527099609e-01 1.330060362815856934e-01
1.344284404407226562e+09 -2.248810529708862305e-01 3.893038332462310791e-01
1.344284404407714844e+09 -1.661114990711212158e-01 5.215769410133361816e-01
1.344284404408203125e+09 -7.257831096649169922e-02 6.844159960746765137e-01
1.344284404408691406e+09 3.295905590057373047e-01 8.359860181808471680e-01
1.344284404409179688e+09 7.666162848472595215e-01 7.371810674667358398e-01
1.344284404409667969e+09 9.830211400985717773e-01 2.617201209068298340e-01
1.344284404410156250e+09 9.101128578186035156e-01 -2.707425951957702637e-01
1.344284404410644531e+09 5.247796773910522461e-01 -6.443669795989990234e-01
1.344284404411132812e+09 2.702331542968750000e-02 -6.974523067474365234e-01
1.344284404411621094e+09 -4.544399678707122803e-01 -3.946990668773651123e-01
1.344284404412109375e+09 -5.805277228355407715e-01 1.128936409950256348e-01
1.344284404412597656e+09 -2.937809824943542480e-01 4.626706838607788086e-01
1.344284404413085938e+09 -2.992579340934753418e-02 3.547175526618957520e-01
1.344284404413574219e+09 7.303762435913085938e-02 2.401298284530639648e-01
1.344284404414062500e+09 -1.221103370189666748e-01 2.774975299835205078e-01
1.344284404414550781e+09 -5.463641881942749023e-02 5.464509725570678711e-01
1.344284404415039062e+09 2.293003797531127930e-01 6.324741244316101074e-01
1.344284404415527344e+09 4.641745090484619141e-01 4.225953817367553711e-01
1.344284404416015625e+09 5.189512968063354492e-01 1.958460211753845215e-01
1.344284404416503906e+09 4.765943288803100586e-01 -1.558786630630493164e-02
1.344284404416992188e+09 2.279518842697143555e-01 -9.196028113365173340e-02
1.344284404417480469e+09 2.254366874694824219e-02 -4.920804500579833984e-02
1.344284404417968750e+09 7.106733322143554688e-02 6.993222236633300781e-02
1.344284404418457031e+09 1.351753473281860352e-01 1.967707276344299316e-01
1.344284404418945312e+09 1.867767572402954102e-01 1.610056161880493164e-01
1.344284404419433594e+09 1.247787475585937500e-01 2.435812950134277344e-01
1.344284404419921875e+09 2.492649555206298828e-01 4.083161354064941406e-01
1.344284404420410156e+09 4.535011649131774902e-01 4.913457632064819336e-01
1.344284404420898438e+09 8.510437607765197754e-01 4.430739879608154297e-01
1.344284404421386719e+09 1.037062644958496094e+00 5.202484130859375000e-02
1.344284404421875000e+09 9.856784343719482422e-01 -3.660166263580322266e-02
1.344284404422363281e+09 1.083711028099060059e+00 -6.611335277557373047e-02
1.344284404422851562e+09 1.390193223953247070e+00 -1.508842706680297852e-01
1.344284404423339844e+09 1.732355713844299316e+00 -7.176396250724792480e-01
1.344284404423828125e+09 1.700181961059570312e+00 -1.407148718833923340e+00
1.344284404424316406e+09 1.201869964599609375e+00 -1.859004497528076172e+00
1.344284404424804688e+09 5.952525138854980469e-01 -1.934920310974121094e+00
1.344284404425292969e+09 1.369692087173461914e-01 -1.762411117553710938e+00
1.344284404425781250e+09 -1.313998699188232422e-01 -1.707708597183227539e+00
1.344284404426269531e+09 -3.086731433868408203e-01 -1.828471541404724121e+00
1.344284404426757812e+09 -6.971808671951293945e-01 -1.777630567550659180e+00
1.344284404427246094e+09 -1.308834314346313477e+00 -1.534598112106323242e+00
1.344284404427734375e+09 -1.501829862594604492e+00 -9.720171093940734863e-01
1.344284404428222656e+09 -1.355137467384338379e+00 -5.591137409210205078e-01
1.344284404428710938e+09 -1.130212903022766113e+00 -5.036186575889587402e-01
1.344284404429199219e+09 -1.123695254325866699e+00 -5.524669885635375977e-01
1.344284404429687500e+09 -1.432864785194396973e+00 -5.606417655944824219e-01
1.344284404430175781e+09 -1.646844387054443359e+00 -2.728515267372131348e-01
1.344284404430664062e+09 -1.608896732330322266e+00 -1.066157817840576172e-01
1.344284404431152344e+09 -1.569531440734863281e+00 -1.669402122497558594e-01
1.344284404431640625e+09 -1.805674076080322266e+00 -1.194795370101928711e-01
1.344284404432128906e+09 -2.209345340728759766e+00 3.168413639068603516e-01
1.344284404432617188e+09 -2.196704149246215820e+00 1.195571660995483398e+00
1.344284404433105469e+09 -1.651151061058044434e+00 1.655577182769775391e+00
1.344284404433593750e+09 -9.267459511756896973e-01 1.642759442329406738e+00
1.344284404434082031e+09 -5.067601203918457031e-01 1.587230324745178223e+00
1.344284404434570312e+09 -3.768520951271057129e-01 1.651100635528564453e+00
1.344284404435058594e+09 -1.020979881286621094e-01 1.773944020271301270e+00
1.344284404435546875e+09 2.999074459075927734e-01 1.689032435417175293e+00
1.344284404436035156e+09 5.405761003494262695e-01 1.537378311157226562e+00
1.344284404436523438e+09 5.884548425674438477e-01 1.214754581451416016e+00
1.344284404437011719e+09 5.043931007385253906e-01 1.122499465942382812e+00
1.344284404437500000e+09 2.609755992889404297e-01 1.293259620666503906e+00
1.344284404437988281e+09 3.229433298110961914e-01 1.552712202072143555e+00
1.344284404438476562e+09 8.320236206054687500e-01 1.637503862380981445e+00
1.344284404438964844e+09 1.218770980834960938e+00 1.432674169540405273e+00
1.344284404439453125e+09 1.324477076530456543e+00 1.249329686164855957e+00
1.344284404439941406e+09 1.427619934082031250e+00 1.219753623008728027e+00
1.344284404440429688e+09 1.790937423706054688e+00 1.040763378143310547e+00
1.344284404440917969e+09 2.243165493011474609e+00 5.044796466827392578e-01
1.344284404441406250e+09 2.379569053649902344e+00 -2.115294933319091797e-01
1.344284404441894531e+09 1.954833030700683594e+00 -8.214680552482604980e-01
1.344284404442382812e+09 1.523040533065795898e+00 -9.872630834579467773e-01
1.344284404442871094e+09 1.193310260772705078e+00 -1.170128822326660156e+00
1.344284404443359375e+09 8.287162780761718750e-01 -1.349541425704956055e+00
1.344284404443847656e+09 5.120646357536315918e-01 -1.258066415786743164e+00
1.344284404444335938e+09 1.319123506546020508e-01 -9.704723358154296875e-01
1.344284404444824219e+09 -7.111167907714843750e-02 -5.676084160804748535e-01
1.344284404445312500e+09 1.534743309020996094e-01 -2.546590566635131836e-01
1.344284404445800781e+09 5.760195255279541016e-01 -8.680111169815063477e-02
1.344284404446289062e+09 9.865398406982421875e-01 -1.943797469139099121e-01
1.344284404446777344e+09 1.325000762939453125e+00 -5.453938245773315430e-01
1.344284404447265625e+09 1.557330369949340820e+00 -1.106222152709960938e+00
1.344284404447753906e+09 1.357420682907104492e+00 -1.703565597534179688e+00
1.344284404448242188e+09 8.357226848602294922e-01 -2.095992088317871094e+00
1.344284404448730469e+09 5.291320085525512695e-01 -2.328445911407470703e+00
1.344284404449218750e+09 3.288092613220214844e-01 -2.740857601165771484e+00
1.344284404449707031e+09 -2.742040157318115234e-01 -3.193456411361694336e+00
1.344284404450195312e+09 -1.321833610534667969e+00 -3.337217569351196289e+00
1.344284404450683594e+09 -2.168527603149414062e+00 -2.803139925003051758e+00
1.344284404451171875e+09 -2.617091417312622070e+00 -2.143811225891113281e+00
1.344284404451660156e+09 -2.766244649887084961e+00 -1.578319907188415527e+00
1.344284404452148438e+09 -2.943827152252197266e+00 -1.215203166007995605e+00
1.344284404452636719e+09 -3.213249921798706055e+00 -7.869639396667480469e-01
1.344284404453125000e+09 -3.221064567565917969e+00 -2.384238243103027344e-01
1.344284404453613281e+09 -3.075982570648193359e+00 1.981555223464965820e-01
1.344284404454101562e+09 -2.958232879638671875e+00 6.160888671875000000e-01
1.344284404454589844e+09 -2.797663688659667969e+00 1.063042163848876953e+00
1.344284404455078125e+09 -2.574676752090454102e+00 1.457993030548095703e+00
1.344284404455566406e+09 -2.122278213500976562e+00 1.720560312271118164e+00
1.344284404456054688e+09 -1.880787372589111328e+00 1.788375973701477051e+00
1.344284404456542969e+09 -1.931784629821777344e+00 2.054528713226318359e+00
1.344284404457031250e+09 -1.807444572448730469e+00 2.497056007385253906e+00
1.344284404457519531e+09 -1.268965959548950195e+00 2.951908111572265625e+00
1.344284404458007812e+09 -6.776695251464843750e-01 2.943267583847045898e+00
1.344284404458496094e+09 -2.169753611087799072e-01 2.774174213409423828e+00
1.344284404458984375e+09 -4.385848343372344971e-02 2.690248012542724609e+00
1.344284404459472656e+09 2.114814221858978271e-01 2.742189645767211914e+00
1.344284404459960938e+09 5.334021449089050293e-01 2.742738246917724609e+00
1.344284404460449219e+09 8.815270662307739258e-01 2.605719089508056641e+00
1.344284404460937500e+09 1.098485827445983887e+00 2.667318344116210938e+00
1.344284404461425781e+09 1.517893433570861816e+00 2.487065792083740234e+00
1.344284404461914062e+09 1.869979619979858398e+00 2.228326320648193359e+00
1.344284404462402344e+09 2.054248332977294922e+00 2.051572084426879883e+00
1.344284404462890625e+09 2.126113176345825195e+00 1.898313879966735840e+00
1.344284404463378906e+09 2.387003183364868164e+00 1.874392509460449219e+00
1.344284404463867188e+09 2.822415113449096680e+00 1.661391496658325195e+00
1.344284404464355469e+09 3.231212854385375977e+00 1.153368353843688965e+00
1.344284404464843750e+09 3.281403541564941406e+00 5.577880740165710449e-01
1.344284404465332031e+09 3.187566280364990234e+00 8.306851983070373535e-02
1.344284404465820312e+09 3.095161676406860352e+00 -2.793293893337249756e-01
1.344284404466308594e+09 2.904685258865356445e+00 -6.153942346572875977e-01
1.344284404466796875e+09 2.711568832397460938e+00 -8.322894573211669922e-01
1.344284404467285156e+09 2.607654333114624023e+00 -8.567022085189819336e-01
1.344284404467773438e+09 2.634808063507080078e+00 -9.761266708374023438e-01
1.344284404468261719e+09 2.857472419738769531e+00 -8.248478174209594727e-01
1.344284404468750000e+09 3.094299793243408203e+00 -1.031246900558471680e+00
1.344284404469238281e+09 3.384718894958496094e+00 -1.167181372642517090e+00
1.344284404469726562e+09 3.997035741806030273e+00 -1.735102653503417969e+00
1.344284404470214844e+09 4.459874153137207031e+00 -2.705958366394042969e+00
1.344284404470703125e+09 4.427688598632812500e+00 -3.827561378479003906e+00
1.344284404471191406e+09 3.967756032943725586e+00 -5.097923278808593750e+00
1.344284404471679688e+09 3.246758937835693359e+00 -6.376169204711914062e+00
1.344284404472167969e+09 2.233028173446655273e+00 -7.776852130889892578e+00
1.344284404472656250e+09 4.850071668624877930e-01 -8.878880500793457031e+00
1.344284404473144531e+09 -1.743817806243896484e+00 -9.323293685913085938e+00
1.344284404473632812e+09 -4.162445545196533203e+00 -9.013697624206542969e+00
1.344284404474121094e+09 -6.011391639709472656e+00 -7.772315979003906250e+00
1.344284404474609375e+09 -7.675556182861328125e+00 -6.362151145935058594e+00
1.344284404475097656e+09 -8.775943756103515625e+00 -4.741584777832031250e+00
1.344284404475585938e+09 -9.500056266784667969e+00 -2.948302745819091797e+00
1.344284404476074219e+09 -1.007190990447998047e+01 -9.386518597602844238e-01
1.344284404476562500e+09 -1.007104301452636719e+01 1.338564634323120117e+00
1.344284404477050781e+09 -9.347444534301757812e+00 3.483695983886718750e+00
1.344284404477539062e+09 -7.981502056121826172e+00 5.219194889068603516e+00
1.344284404478027344e+09 -6.542265415191650391e+00 6.380808830261230469e+00
1.344284404478515625e+09 -4.942055702209472656e+00 7.208527565002441406e+00
1.344284404479003906e+09 -3.334389686584472656e+00 7.733035564422607422e+00
1.344284404479492188e+09 -1.596969366073608398e+00 7.889609336853027344e+00
1.344284404479980469e+09 6.813669204711914062e-02 7.651907444000244141e+00
1.344284404480468750e+09 1.513395190238952637e+00 6.935619354248046875e+00
1.344284404480957031e+09 2.752441406250000000e+00 6.053510189056396484e+00
1.344284404481445312e+09 3.397913217544555664e+00 5.042278766632080078e+00
1.344284404481933594e+09 3.872452735900878906e+00 3.871045112609863281e+00
1.344284404482421875e+09 4.169386863708496094e+00 2.681864500045776367e+00
1.344284404482910156e+09 3.733471632003784180e+00 1.532422304153442383e+00
1.344284404483398438e+09 3.166615009307861328e+00 9.305455684661865234e-01
1.344284404483886719e+09 2.552616596221923828e+00 7.914088964462280273e-01
1.344284404484375000e+09 2.457417488098144531e+00 8.213691711425781250e-01
1.344284404484863281e+09 2.559960842132568359e+00 5.742893218994140625e-01
1.344284404485351562e+09 2.592077255249023438e+00 3.419812917709350586e-01
1.344284404485839844e+09 2.462007522583007812e+00 2.507692575454711914e-01
1.344284404486328125e+09 2.389710903167724609e+00 1.314940452575683594e-01
1.344284404486816406e+09 2.497085571289062500e+00 -9.629541635513305664e-02
1.344284404487304688e+09 2.426805019378662109e+00 -5.708133578300476074e-01
1.344284404487792969e+09 2.264330863952636719e+00 -1.045163154602050781e+00
1.344284404488281250e+09 1.868397116661071777e+00 -1.454719424247741699e+00
1.344284404488769531e+09 1.256533265113830566e+00 -1.611217975616455078e+00
1.344284404489257812e+09 8.566833734512329102e-01 -1.697806715965270996e+00
1.344284404489746094e+09 4.383791685104370117e-01 -1.382730126380920410e+00
1.344284404490234375e+09 4.398778676986694336e-01 -1.024061679840087891e+00
1.344284404490722656e+09 7.390297651290893555e-01 -8.737502098083496094e-01
1.344284404491210938e+09 8.145166635513305664e-01 -9.911358356475830078e-01
1.344284404491699219e+09 6.503983736038208008e-01 -1.177767753601074219e+00
1.344284404492187500e+09 4.210889339447021484e-01 -1.064568758010864258e+00
1.344284404492675781e+09 3.924616575241088867e-01 -9.652490615844726562e-01
1.344284404493164062e+09 2.790685892105102539e-01 -1.029603838920593262e+00
1.344284404493652344e+09 -3.850460052490234375e-03 -1.020871162414550781e+00
1.344284404494140625e+09 -2.647178173065185547e-01 -9.605882167816162109e-01
1.344284404494628906e+09 -2.243824005126953125e-01 -5.930122137069702148e-01
1.344284404495117188e+09 -3.275299072265625000e-02 -4.754988551139831543e-01
1.344284404495605469e+09 9.724545478820800781e-02 -5.084069371223449707e-01
1.344284404496093750e+09 2.505416870117187500e-01 -6.769477128982543945e-01
1.344284404496582031e+09 4.637484550476074219e-01 -9.518388509750366211e-01
1.344284404497070312e+09 1.381745338439941406e-01 -1.332854270935058594e+00
1.344284404497558594e+09 -1.260628700256347656e-01 -1.406418323516845703e+00
1.344284404498046875e+09 -4.283735752105712891e-01 -1.449097633361816406e+00
1.344284404498535156e+09 -6.463740468025207520e-01 -1.154948711395263672e+00
1.344284404499023438e+09 -5.865313410758972168e-01 -1.118839740753173828e+00
1.344284404499511719e+09 -7.169199585914611816e-01 -9.625849723815917969e-01
1.344284404500000000e+09 -7.264349460601806641e-01 -8.320770263671875000e-01
1.344284404500488281e+09 -8.425385951995849609e-01 -6.917202472686767578e-01
1.344284404500976562e+09 -8.164412975311279297e-01 -5.263217687606811523e-01
1.344284404501464844e+09 -9.083068370819091797e-01 -5.571478605270385742e-01
1.344284404501953125e+09 -1.107635855674743652e+00 -4.857713580131530762e-01
1.344284404502441406e+09 -1.224067926406860352e+00 -1.638845801353454590e-01
1.344284404502929688e+09 -1.188935637474060059e+00 1.648375689983367920e-01
1.344284404503417969e+09 -1.005809068679809570e+00 3.078574538230895996e-01
1.344284404503906250e+09 -9.445604085922241211e-01 1.148254275321960449e-01
1.344284404504394531e+09 -9.331984519958496094e-01 8.814656734466552734e-02
1.344284404504882812e+09 -1.208292722702026367e+00 1.027732193470001221e-01
1.344284404505371094e+09 -1.362766265869140625e+00 2.148082256317138672e-01
1.344284404505859375e+09 -1.401834011077880859e+00 6.908351778984069824e-01
1.344284404506347656e+09 -1.203112125396728516e+00 1.173807621002197266e+00
1.344284404506835938e+09 -6.930748224258422852e-01 1.523802280426025391e+00
1.344284404507324219e+09 -1.938021183013916016e-02 1.341223239898681641e+00
1.344284404507812500e+09 1.510991454124450684e-01 1.091442108154296875e+00
1.344284404508300781e+09 2.385381460189819336e-01 9.038243293762207031e-01
1.344284404508789062e+09 9.123355150222778320e-02 8.418891429901123047e-01
1.344284404509277344e+09 1.950874924659729004e-01 1.176685094833374023e+00
1.344284404509765625e+09 7.904450297355651855e-01 1.220562100410461426e+00
1.344284404510253906e+09 1.372937679290771484e+00 9.114221334457397461e-01
1.344284404510742188e+09 1.645851969718933105e+00 2.479677200317382812e-01
1.344284404511230469e+09 1.561450481414794922e+00 -4.465900063514709473e-01
1.344284404511718750e+09 1.238261818885803223e+00 -1.019624710083007812e+00
1.344284404512207031e+09 5.734955072402954102e-01 -1.626435995101928711e+00
1.344284404512695312e+09 -1.769807338714599609e-01 -1.645710587501525879e+00
1.344284404513183594e+09 -9.548280835151672363e-01 -1.495577573776245117e+00
1.344284404513671875e+09 -1.452103853225708008e+00 -9.916738271713256836e-01
1.344284404514160156e+09 -1.478036642074584961e+00 -3.645194768905639648e-01
1.344284404514648438e+09 -1.660332918167114258e+00 1.164719015359878540e-01
1.344284404515136719e+09 -1.557775974273681641e+00 6.383519768714904785e-01
1.344284404515625000e+09 -1.072774291038513184e+00 9.746572971343994141e-01
1.344284404516113281e+09 -7.317423820495605469e-01 1.044479727745056152e+00
1.344284404516601562e+09 -6.592705845832824707e-01 1.124590635299682617e+00
1.344284404517089844e+09 -6.066151857376098633e-01 1.148212909698486328e+00
1.344284404517578125e+09 -4.880845546722412109e-01 1.660653471946716309e+00
1.344284404518066406e+09 -4.650419950485229492e-02 1.624512195587158203e+00
1.344284404518554688e+09 5.114599466323852539e-01 1.503686666488647461e+00
1.344284404519042969e+09 6.862176060676574707e-01 1.243078470230102539e+00
1.344284404519531250e+09 8.510695695877075195e-01 9.804800748825073242e-01
1.344284404520019531e+09 9.643048048019409180e-01 9.318021535873413086e-01
1.344284404520507812e+09 1.066694974899291992e+00 6.532539129257202148e-01
1.344284404520996094e+09 1.339481234550476074e+00 3.887299299240112305e-01
1.344284404521484375e+09 1.352851629257202148e+00 -1.031658351421356201e-01
1.344284404521972656e+09 1.010134220123291016e+00 -3.217110037803649902e-01
1.344284404522460938e+09 7.587056756019592285e-01 -2.927813529968261719e-01
1.344284404522949219e+09 8.550297021865844727e-01 -4.116756916046142578e-01
1.344284404523437500e+09 8.789346814155578613e-01 -6.057843565940856934e-01
1.344284404523925781e+09 5.823862552642822266e-01 -9.748284220695495605e-01
1.344284404524414062e+09 1.286016404628753662e-02 -1.098096489906311035e+00
1.344284404524902344e+09 -4.291169941425323486e-01 -6.954572200775146484e-01
1.344284404525390625e+09 -6.372251510620117188e-01 -3.949092626571655273e-01
1.344284404525878906e+09 -6.001144051551818848e-01 -5.168540775775909424e-02
1.344284404526367188e+09 -3.795720636844635010e-01 -5.631624162197113037e-02
1.344284404526855469e+09 -4.370597898960113525e-01 3.934031724929809570e-02
1.344284404527343750e+09 -4.725352823734283447e-01 3.141755759716033936e-01
1.344284404527832031e+09 -2.756396532058715820e-01 5.884422659873962402e-01
1.344284404528320312e+09 5.085091292858123779e-02 4.173457622528076172e-01
1.344284404528808594e+09 3.058353662490844727e-01 1.782169342041015625e-01
1.344284404529296875e+09 6.353396177291870117e-02 -3.172853589057922363e-02
1.344284404529785156e+09 -1.337461471557617188e-01 1.620367467403411865e-01
1.344284404530273438e+09 -1.054717898368835449e-01 4.612297117710113525e-01
1.344284404530761719e+09 2.831233441829681396e-01 6.272436976432800293e-01
1.344284404531250000e+09 8.026055097579956055e-01 6.466192603111267090e-01
1.344284404531738281e+09 1.153731226921081543e+00 3.979594707489013672e-01
1.344284404532226562e+09 1.221596240997314453e+00 -1.892787218093872070e-02
1.344284404532714844e+09 1.087750673294067383e+00 -4.196032881736755371e-01
1.344284404533203125e+09 9.053239226341247559e-01 -6.612343788146972656e-01
1.344284404533691406e+09 7.543098926544189453e-01 -9.065428972244262695e-01
1.344284404534179688e+09 4.654490053653717041e-01 -1.105463504791259766e+00
1.344284404534667969e+09 1.197754740715026855e-01 -1.166138291358947754e+00
1.344284404535156250e+09 -2.092877626419067383e-01 -1.108559370040893555e+00
1.344284404535644531e+09 -3.448098301887512207e-01 -9.170060157775878906e-01
1.344284404536132812e+09 -2.204461693763732910e-01 -7.317916750907897949e-01
1.344284404536621094e+09 -1.391788125038146973e-01 -8.207032680511474609e-01
1.344284404537109375e+09 -1.708697080612182617e-01 -9.684968590736389160e-01
1.344284404537597656e+09 -5.001240968704223633e-01 -9.883124232292175293e-01
1.344284404538085938e+09 -9.522184133529663086e-01 -7.705767154693603516e-01
1.344284404538574219e+09 -1.183319687843322754e+00 -3.170248866081237793e-01
1.344284404539062500e+09 -9.896132946014404297e-01 2.258988469839096069e-01
1.344284404539550781e+09 -7.032009363174438477e-01 5.651965737342834473e-01
1.344284404540039062e+09 -3.329607844352722168e-01 4.540732502937316895e-01
1.344284404540527344e+09 2.357041835784912109e-02 2.752642035484313965e-01
1.344284404541015625e+09 1.556428670883178711e-01 8.782386779785156250e-02
1.344284404541503906e+09 9.540817141532897949e-02 -2.719637453556060791e-01
1.344284404541992188e+09 -6.807810068130493164e-02 -5.396367311477661133e-01
1.344284404542480469e+09 -4.060215950012207031e-01 -6.435238122940063477e-01
1.344284404542968750e+09 -7.819499373435974121e-01 -3.884495496749877930e-01
1.344284404543457031e+09 -9.636537432670593262e-01 5.550980567932128906e-03
1.344284404543945312e+09 -8.018946051597595215e-01 3.674412071704864502e-01
1.344284404544433594e+09 -4.953743815422058105e-01 5.320523977279663086e-01
1.344284404544921875e+09 -3.145321011543273926e-01 4.776754975318908691e-01
1.344284404545410156e+09 -2.182946056127548218e-01 3.723527193069458008e-01
1.344284404545898438e+09 -3.976660221815109253e-02 4.827671349048614502e-01
1.344284404546386719e+09 1.058320403099060059e-01 4.476460516452789307e-01
1.344284404546875000e+09 3.059183359146118164e-01 2.918453216552734375e-01
1.344284404547363281e+09 3.509680628776550293e-01 -1.354056596755981445e-02
1.344284404547851562e+09 2.729381322860717773e-01 -1.681149005889892578e-01
1.344284404548339844e+09 1.616692543029785156e-01 -3.546408414840698242e-01
1.344284404548828125e+09 4.552602767944335938e-03 -3.325426280498504639e-01
1.344284404549316406e+09 -5.861252546310424805e-02 -3.890200257301330566e-01
1.344284404549804688e+09 -1.381734013557434082e-01 -5.740258693695068359e-01
1.344284404550292969e+09 -4.323977231979370117e-01 -6.656895279884338379e-01
1.344284404550781250e+09 -9.089625477790832520e-01 -4.318730533123016357e-01
1.344284404551269531e+09 -1.027030944824218750e+00 6.506130099296569824e-02
1.344284404551757812e+09 -7.998321056365966797e-01 4.722657203674316406e-01
1.344284404552246094e+09 -4.791781604290008545e-01 5.437513589859008789e-01
1.344284404552734375e+09 -1.656793355941772461e-01 5.376976728439331055e-01
1.344284404553222656e+09 -2.706589400768280029e-01 4.400134086608886719e-01
1.344284404553710938e+09 -3.629862666130065918e-01 4.211517274379730225e-01
1.344284404554199219e+09 -4.127986729145050049e-01 6.364755034446716309e-01
1.344284404554687500e+09 -3.964219093322753906e-01 8.051794767379760742e-01
1.344284404555175781e+09 -3.216572999954223633e-01 9.454606771469116211e-01
1.344284404555664062e+09 -9.026896208524703979e-02 1.069274187088012695e+00
1.344284404556152344e+09 5.068801343441009521e-02 1.349420785903930664e+00
1.344284404556640625e+09 4.216584563255310059e-01 1.591928482055664062e+00
1.344284404557128906e+09 9.895875453948974609e-01 1.446398735046386719e+00
1.344284404557617188e+09 1.556718111038208008e+00 9.628154039382934570e-01
1.344284404558105469e+09 1.783138871192932129e+00 1.588640809059143066e-01
1.344284404558593750e+09 1.428694605827331543e+00 -4.770260751247406006e-01
1.344284404559082031e+09 9.084759950637817383e-01 -6.761931180953979492e-01
1.344284404559570312e+09 6.450346112251281738e-01 -5.661034584045410156e-01
1.344284404560058594e+09 7.260625362396240234e-01 -6.480581760406494141e-01
1.344284404560546875e+09 6.869665980339050293e-01 -1.035180568695068359e+00
1.344284404561035156e+09 2.594029903411865234e-01 -1.340198755264282227e+00
1.344284404561523438e+09 -3.280059099197387695e-01 -1.240214824676513672e+00
1.344284404562011719e+09 -7.671042084693908691e-01 -9.370993375778198242e-01
