4.432107256699568865e+01 2.907651684450068049e-03 2.723419093557293003e-02 2.721269642993535270e-02 -2.618705384235254976e-03
9.597175578787396688e+00 7.161096749754301870e-04 8.492105842989287542e-03 7.993291433643562923e-04 -1.470969154548454252e-03
1.111669238803284898e+01 3.723882570265698352e-03 6.533642918511686944e-04 -5.154596598246054262e-03 -2.178015779433894756e-03
6.877221008424889703e+00 -4.084677176708109182e-03 5.997072935004665699e-03 2.731841641540400708e-04 1.047408566226696279e-03
1.739513138501771650e+01 1.752456156370647833e-02 1.439303280776988749e-03 -1.635927981279981878e-03 1.764991316049228237e-02
7.746835697148875433e+00 8.248599428269548853e-03 6.123491239453183847e-03 -3.553492838594251874e-03 3.596036353156951103e-03
1.477343486218818036e+01 -4.636365404090355725e-03 -4.194306306946161272e-03 1.041981474960618388e-02 -5.444621834161661802e-03
9.432443529313742303e+00 1.390964459614485536e-03 9.075184274407673696e-03 -8.778636189055406130e-03 1.912207718536708834e-03
1.209617487461667196e+01 7.569433297214108770e-03 -9.506138118675585332e-04 2.686158435036151756e-03 8.696042662477362212e-03
4.202774900776232059e+00 -1.060334489279524627e-04 3.361006849737721309e-03 3.927173679680879236e-03 4.666136233511642729e-03
3.435698131462000049e+01 1.688145331249439607e-02 -1.569884443655672826e-02 1.570797685592967285e-02 1.691721140859470812e-02
1.113754782808904231e+01 2.841450968556054942e-03 -5.066040218396533450e-03 -4.653926627359954854e-03 4.226971429333647133e-03
1.809777100492653190e+01 4.892664152182521486e-03 1.134157470062532869e-02 -1.140202936741497967e-02 4.864545648377100774e-03
1.294261953347595018e+01 -5.696764779905368579e-03 2.908011710007913416e-03 3.680932144064387305e-04 -6.489513427178592551e-03
1.440525887362676372e+01 -2.107072124031909941e-03 1.084530238174505161e-02 1.096241103085384729e-02 2.552687633945438343e-03
9.510980489297999441e+00 4.651001484816549847e-03 7.783458702823052404e-03 7.496798605688895570e-03 -3.592644940130070453e-03
4.313868636238233023e+00 4.036946140327793246e-03 -6.833873914642129687e-04 3.124840862506782398e-03 6.888634374923830947e-03
8.777479901685444119e+00 -6.097355789107038009e-03 -3.433106753694449738e-03 2.221318843059130223e-03 -7.261477479896276920e-03
2.992222683630879132e+01 2.092162962009491700e-02 -2.239285545955478727e-04 -1.306344421880467003e-04 -2.097191076907396409e-02
8.309220297013020229e+00 -3.247538957178118350e-03 -6.679623081733093368e-03 8.309781504814928166e-03 -2.296855833848247819e-03
1.257817465427331705e+01 -3.002098382140098998e-03 9.928181702992824875e-03 -6.680517774932364337e-03 -3.566710153852415462e-03
3.637412108213184503e+00 4.182129649812077986e-03 -1.804381837596167855e-03 5.422219691153276795e-03 3.292740275068716232e-03
1.775557829606673366e+01 7.430645107064158365e-03 -5.895177145663944157e-03 4.723106646225982801e-03 7.671892246485501748e-03
1.526464392866977704e+01 1.230468258378903008e-02 6.006362272762614911e-03 -6.053188044583159358e-03 1.231687802431653475e-02
2.359700593287088566e+01 1.558758578933570936e-03 -7.463621788298521655e-04 3.488583370873746281e-04 1.553537377651090928e-02
3.896691775251146339e+01 2.203130834763805668e-02 -6.791198689823154354e-03 5.796789119021697120e-03 2.004109183183932011e-02
1.013934148445268413e+01 6.678411968615782183e-04 4.130664866769183374e-03 -5.602354503896037237e-03 -5.535342494548874462e-03
7.069433174252512941e+00 2.910768114770927346e-03 -1.016975558896564096e-02 -9.917063619547424047e-03 -2.847486436296506503e-03
1.627377159618994895e+01 -1.084016072110769108e-03 9.317441934976945783e-03 -7.317617646955835477e-03 -2.954835077010422076e-04
1.289124761668653107e+01 -2.338336409471101877e-03 -5.323027392227503221e-03 -8.421710363943618952e-03 5.706141880069371189e-03
1.149528137484273316e+01 1.150080608030787203e-02 7.728885155830309169e-03 8.211915207047172996e-03 -1.260165879430340599e-02
1.341680500653217400e+01 9.532094484447820038e-03 1.390029535363652372e-03 -3.267872370162615628e-03 8.648049481507817660e-03
1.386346835970718949e+01 2.967114001364911952e-03 1.394701159440002100e-02 -1.419936251990396719e-02 3.191496700654032886e-03
1.866166803389596751e+01 -1.075887050294440858e-02 -5.125317745378854886e-03 -4.113601794608239166e-03 1.148087850515002936e-02
2.408342002607777754e+00 -3.624991864793395031e-03 2.484373910633547742e-04 -2.190813329685783236e-03 -6.312135204321337595e-03
7.751164833571276169e+00 7.527762976582372603e-03 4.934141749310404050e-03 5.641436581276544800e-03 -7.201342914447156351e-03
2.350806718331716993e+01 -3.666611275057638300e-03 -1.470100284211784021e-02 -1.469739313010850340e-02 3.666705436275998972e-03
7.790554809063562125e+00 -2.424060078464940725e-03 1.739741793991596806e-03 6.064440860091953323e-03 -6.918930646977452734e-04
1.562707982826574948e+01 8.686793604331553495e-03 2.104950395768895484e-03 2.390106079244324992e-03 -9.136134994482764116e-03
9.960026310564677132e+00 5.150743647146524898e-03 -6.001275369413293717e-03 -6.702809479900982345e-03 -3.730989286256648253e-03
2.345893522265733111e+01 -5.312702765919177783e-03 5.511798558321641568e-03 -2.018320854566152314e-03 7.076736760996625228e-03
1.665904122091533424e+01 1.194074154465296460e-02 -7.258638719371880189e-03 5.333228618772766286e-03 9.036577053776886220e-03
5.479706018426867331e+00 -7.319819413013003116e-03 9.473176684306456154e-04 -2.310175926413174721e-03 -7.161902667036079142e-05
9.191645951150780647e+00 7.361719505980211797e-03 -1.510688134620713930e-03 4.712252993988797953e-04 5.756491535497145623e-03
8.022070667606310934e+00 6.729403149685628596e-03 -3.476937300671409468e-03 -8.583338514651866298e-04 4.166663243291466104e-03
6.179730317275380358e+00 6.133731410229707748e-03 3.887052851895102853e-03 -1.633938120595881081e-03 5.804798434476693240e-03
6.179453914992171448e+00 4.103238792273070437e-03 5.733148905762568658e-03 2.176987832483624589e-03 -3.519264954787304587e-03
1.201342076891075727e+01 5.391432558295465235e-04 7.059285815069963124e-03 4.624949635573188424e-03 9.947550372025976367e-05
1.710966734043551796e+01 -2.404044446537351078e-03 1.098545358455686738e-02 1.145138678990735397e-02 -1.270660481227063035e-03
2.440382621183783840e+01 -4.650734538049186052e-03 9.022236308995242038e-03 -8.424822177861000447e-03 -1.165677104961833008e-03
1.452014709830370442e+01 3.668036280836001976e-03 -8.101844552402977934e-03 -8.300436233920382642e-03 -4.412914680561679480e-03
2.428909978207897780e+01 1.141882444186409322e-02 -1.324218651526082660e-02 1.120385142641154921e-02 1.085177014602261431e-02
2.105556325788505490e+01 -1.753840788403197501e-02 8.532219122304219878e-04 7.269731298764763342e-04 1.617552362078678377e-02
1.178718052274942529e+01 3.291201287255832077e-03 2.786734773292438242e-03 -4.238337308488922782e-03 6.835330724189719181e-03
1.027016014723229276e+01 -4.968133986189989491e-03 6.520184000503210370e-03 9.168119764262168056e-03 5.201658147559054014e-03
9.265121727760746495e+00 -1.607352079886021452e-03 -9.026406515675098816e-03 8.737249994978438933e-03 -9.665171788168184109e-04
4.239266744145667332e+01 1.808565794772615948e-02 -7.601087240380190006e-03 1.360032270183484868e-02 1.507469851671032479e-02
2.401562048674887961e+01 1.720383668950777045e-02 7.749140604174440360e-03 7.677769465288615015e-03 -1.719016417350973172e-02
2.709762273774336450e+01 5.751482877694153069e-03 4.393363064965092289e-03 1.364035475148166546e-02 8.754424035611913391e-04
6.980293827254002714e+00 -2.155156827742572920e-03 -3.310375661101863307e-03 8.305214423356273648e-03 -2.867117995502438919e-03
1.059811576645614224e+02 7.096090211549659077e-02 4.293239713620419090e-02 4.328707511718354189e-02 -6.957334062094402971e-02
1.136911808554248360e+01 -1.209871804834562747e-02 -4.857917137382075992e-03 -4.954948840805389540e-03 1.159544790530518329e-02
1.977736610725350985e+01 4.124578943647862379e-03 -4.584437266484826627e-03 5.171411223998972906e-03 6.442502624950584462e-03
1.377811399826582850e+01 -5.575337581406058368e-03 7.122204020408915912e-03 -9.964404417942721720e-03 -3.394439077546759342e-03
1.031940887416480557e+01 7.974563581303906537e-03 3.221829334084283514e-03 -2.538778617212121905e-03 5.637888080550735540e-04
1.834478807826647184e+01 -2.220785181748191964e-02 3.362979916978888970e-03 -3.204452561992442161e-03 -2.295337071357485270e-02
7.690744659017510365e+00 -2.854954716674313903e-03 7.290142961913060812e-03 8.222726694695378993e-03 2.254626057420686721e-03
1.530160503457645405e+01 5.185387613856524275e-03 2.232594050928392998e-02 -8.777770964786178742e-03 8.061318095702395270e-03
5.594043800506811159e+00 7.841119206329894703e-03 9.052386678101855639e-04 -5.546813041998426268e-04 -9.727778943529970593e-03
8.807487427447513895e+00 -1.145991840201993333e-03 6.455366596579025472e-03 7.153706919808877629e-03 4.954007321296733865e-03
1.750212361967344421e+01 -6.797626150735644641e-03 1.441451782743252523e-02 -1.246096228833481513e-02 -6.202454478459603140e-03
5.215989002233594363e+01 -2.884413256254405103e-02 4.663005871438073019e-02 -4.649370354388712018e-02 -2.910233868623297859e-02
2.794728517462178630e+01 -1.574690455168104367e-02 -5.982811559985140928e-03 6.558080907590894786e-03 -1.560075544102864677e-02
1.408418683429382057e+01 -4.418371850054577873e-03 5.271163490199681778e-03 6.415375778269216504e-03 5.899008931760935624e-03
4.341342940194079958e+00 -4.576871160497191643e-03 -4.291589417227167046e-03 -3.426092579287644052e-04 2.630193329977683053e-03
6.617297120895134555e+00 3.488749726779719496e-03 3.823381544548017184e-03 2.910730516262520409e-03 -7.117844549104163955e-03
2.180936160104204546e+01 -2.818066253550121150e-03 -1.480545548164746011e-02 -1.479639484996559014e-02 2.818898188779154438e-03
9.298553266547617824e+00 -1.873828045485191043e-03 -4.403414551562278949e-03 7.875199988771850249e-03 -4.107488056578024668e-03
1.887285512309915703e+01 3.382318507789038725e-03 1.019565524305616512e-02 1.125356818850951901e-02 -3.778487871978088337e-03
9.822221097729181949e+00 1.051550922893777426e-02 2.454818920875101538e-03 2.402702611545376454e-03 -1.072128675315938209e-02
1.703129064228581058e+01 -4.678266873107168530e-03 8.574284184464981209e-03 6.695674503169641786e-03 8.095646242039259907e-03
1.279163326330912298e+01 -9.256861396180853657e-03 7.824953093898851311e-03 7.939075028204281223e-03 9.134077235737260436e-03
1.406547634582961059e+01 1.284707537525461678e-02 1.295346187612524298e-02 -1.476185392320151883e-02 9.496307538454033803e-03
7.913822564656831204e+00 -1.182359338285301868e-02 1.896191002287075022e-03 -2.827127214976917369e-03 -1.066378008591273643e-02
1.060908117689062102e+01 1.390081699782740564e-02 -2.314320242208020703e-04 -3.385838651679239498e-04 1.299612643274086071e-02
1.769633334885554277e+01 -9.225484066362449331e-03 -6.718945566309105985e-03 7.033546814473669827e-03 -8.859359141125455750e-03
1.498868418597075447e+01 -4.691478996296654345e-03 1.650354253811834758e-03 -7.492658895448895719e-03 8.951557892786579651e-03
2.091420003922576143e+01 -1.048873436835647509e-02 6.499528649039744768e-03 -8.520597715835936947e-03 -6.995691774883211478e-03
1.016369715124958617e+01 -9.372306135375004779e-04 -1.274633454562993339e-02 -1.274927639944481959e-02 9.354791083180504039e-04
3.405149527333938053e+00 1.235974342663240591e-03 -1.336030963949513296e-03 -2.433622321297159320e-03 -7.836607485315697993e-03
1.104580984589202686e+01 9.009304120919475051e-03 9.694141038262792109e-03 9.200271499731599301e-03 -8.386272239898344416e-03
1.743972565022702037e+00 4.670130818306558566e-03 5.080095569603133507e-03 1.112784093892401358e-03 3.229964760239761867e-04
8.925636229235188068e+00 -3.704862839014634850e-04 5.498385843975248793e-03 -1.567424106480804792e-04 -7.919586982038852307e-03
1.541012986688908271e+01 -3.523706627103996483e-03 -1.034397896544753115e-02 1.096642209661139941e-02 -2.728932959656101432e-03
1.075063292457375397e+01 6.875633298189514232e-04 3.471247878434923113e-03 4.971857203661123872e-04 6.429726590348390156e-03
5.131045447229863221e+00 -1.676251339225822258e-03 -7.630215099033052463e-04 1.550614256607952190e-03 6.045100226778800032e-03
1.151277032575815440e+01 7.164373617506945673e-03 -2.666193468151985789e-03 -7.592520663508103449e-04 3.662700692097422845e-03
2.109969480989869339e+01 7.728682117981856663e-03 -8.380836137024068322e-03 8.700139775696712555e-03 7.471550035856148325e-03
2.769613958109611573e+01 9.508946671455856953e-03 8.214453603865690123e-03 8.238647022803217632e-03 -9.547756885754252187e-03
1.999291512933790216e+01 -2.656078740271699927e-03 -7.687362590124728265e-03 9.498390571190604148e-03 -2.813158421192598659e-03
