1187008882.000000000	1.7119548	1.3166126
1187008882.000488281	1.8879648	0.73810774
1187008882.000976563	1.7504337	0.17587516
1187008882.001464844	1.398273	0.12278892
1187008882.001953125	1.4903815	0.091317341
1187008882.002441406	1.583454	-0.18814163
1187008882.002929688	1.5169549	-0.65880573
1187008882.003417969	1.0249414	-0.87054425
1187008882.003906250	0.778328	-0.66039789
1187008882.004394531	0.91974759	-0.8404429
1187008882.004882813	0.69296849	-1.0657524
1187008882.005371094	0.3980487	-1.1846832
1187008882.005859375	-0.086719111	-1.1177775
1187008882.006347656	-0.28301272	-0.68796611
1187008882.006835938	0.054956108	-0.66193283
1187008882.007324219	-0.22954759	-1.1201479
1187008882.007812500	-0.85212487	-0.82844204
1187008882.008300781	-0.79722583	-0.35084313
1187008882.008789063	-0.68970096	-0.13200134
1187008882.009277344	-0.64853132	-0.020500759
1187008882.009765625	-0.77238739	0.1725361
1187008882.010253906	-0.53262866	0.7948724
1187008882.010742188	0.2101635	0.75116253
1187008882.011230469	0.3520152	0.32447568
1187008882.011718750	-0.01033755	0.32928196
1187008882.012207031	-0.0087987334	0.83834648
1187008882.012695313	0.72447467	1.1802775
1187008882.013183594	1.5589592	0.68527567
1187008882.013671875	1.655609	0.097608
1187008882.014160156	1.6871891	-0.10016251
1187008882.014648438	2.0536695	-0.8320238
1187008882.015136719	1.7092384	-1.7976519
1187008882.015625000	0.8189826	-2.1777425
1187008882.016113281	0.27781057	-2.0923929
1187008882.016601563	0.040993765	-1.9880483
1187008882.017089844	-0.11124665	-2.0644004
1187008882.017578125	-0.38814387	-2.2169595
1187008882.018066406	-0.99177992	-2.3277516
1187008882.018554688	-1.5404856	-2.0465932
1187008882.019042969	-1.8474371	-1.7339921
1187008882.019531250	-2.2168312	-1.4554037
1187008882.020019531	-2.6640739	-0.93156672
1187008882.020507813	-2.5886288	-0.19693634
1187008882.020996094	-2.3975122	0.10042679
1187008882.021484375	-2.4504998	0.55916333
1187008882.021972656	-2.2985828	1.2424428
1187008882.022460938	-1.6326606	1.4969277
1187008882.022949219	-1.146688	1.3035626
1187008882.023437500	-1.30374	1.3077708
1187008882.023925781	-0.97055387	1.8716669
1187008882.024414063	-0.26129478	1.7512617
1187008882.024902344	0.059883833	1.2390529
1187008882.025390625	-0.1411835	1.0491476
1187008882.025878906	-0.31231451	1.3294675
1187008882.026367188	0.16620089	1.6974617
1187008882.026855469	0.95701504	1.1717377
1187008882.027343750	0.6599229	0.26209247
1187008882.027832031	-0.10917286	0.51371521
1187008882.028320313	0.2203083	1.1089544
1187008882.028808594	0.69526529	1.0787792
1187008882.029296875	0.94380081	0.84574723
1187008882.029785156	1.1810751	0.60431761
1187008882.030273438	1.3002748	0.099682778
1187008882.030761719	0.95197248	-0.50749993
1187008882.031250000	0.30067575	-0.65565538
1187008882.031738281	-0.29816782	-0.17969915
1187008882.032226563	-0.11743848	0.83604556
1187008882.032714844	1.007339	0.86560374
1187008882.033203125	1.6093774	-0.081600577
1187008882.033691406	1.2259514	-0.91869754
1187008882.034179688	0.54481947	-1.1738056
1187008882.034667969	0.052625477	-1.1644354
1187008882.035156250	-0.40083137	-0.82850319
1187008882.035644531	-0.42707384	-0.16034485
1187008882.036132813	-0.11567932	0.12792589
1187008882.036621094	0.059565768	-0.033027053
1187008882.037109375	0.054690152	-0.046739798
1187008882.037597656	0.11363783	0.057787411
1187008882.038085938	0.12950188	-0.056711406
1187008882.038574219	0.16626267	0.083572775
1187008882.039062500	0.62808198	0.10958102
1187008882.039550781	0.7766344	-0.39799601
1187008882.040039063	0.33117431	-0.54621339
1187008882.040527344	0.42910203	-0.37068853
1187008882.041015625	0.54939568	-0.70786971
1187008882.041503906	0.23529008	-0.8603192
1187008882.041992188	0.0074757636	-0.82615554
1187008882.042480469	-0.074393332	-0.63057554
1187008882.042968750	0.23144661	-0.87095821
1187008882.043457031	-0.14926085	-1.4921117
1187008882.043945313	-1.128384	-1.3185817
1187008882.044433594	-1.4411173	-0.6486932
1187008882.044921875	-1.258852	-0.43149999
1187008882.045410156	-1.5610993	-0.21960396
1187008882.045898438	-1.8787562	0.5006063
1187008882.046386719	-1.4752719	1.3257768
1187008882.046875000	-0.59012365	1.4485173
1187008882.047363281	-0.21277991	1.0537847
1187008882.047851563	-0.30588511	1.0620574
1187008882.048339844	-0.044488341	1.1516587
1187008882.048828125	0.23117034	1.0787289
1187008882.049316406	0.44852418	0.93232435
1187008882.049804688	0.58016604	0.893929
1187008882.050292969	0.78910643	0.59021735
1187008882.050781250	0.83672404	0.22203532
1187008882.051269531	0.75991249	-0.11635858
1187008882.051757813	0.42651585	-0.32937366
1187008882.052246094	0.1139687	-0.1556623
1187008882.052734375	0.41744229	0.12034154
1187008882.053222656	0.57934403	-0.45433313
1187008882.053710938	-0.14396501	-0.70387352
1187008882.054199219	-0.57780826	-0.079102948
1187008882.054687500	-0.40938598	0.2447437
1187008882.055175781	-0.19419432	0.47475448
1187008882.055664063	0.11685652	0.49330652
1187008882.056152344	0.33129215	0.41961098
1187008882.056640625	0.40180802	0.034417689
1187008882.057128906	0.077485889	-0.19737196
1187008882.057617188	-0.098124206	0.26364535
1187008882.058105469	0.35703778	0.40851405
1187008882.058593750	0.62270486	-0.053443253
1187008882.059082031	0.5289408	-0.28102049
1187008882.059570313	0.41902208	-0.42757523
1187008882.060058594	0.18904054	-0.50093347
1187008882.060546875	0.060918391	-0.67074817
1187008882.061035156	-0.29639	-0.83227396
1187008882.061523438	-0.71774328	-0.3849442
1187008882.062011719	-0.50344253	0.092755556
1187008882.062500000	0.00071745366	-0.071867228
1187008882.062988281	-0.037132829	-0.4301399
1187008882.063476563	-0.35835165	-0.6155203
1187008882.063964844	-0.86851901	-0.35924321
1187008882.064453125	-0.86229938	0.19973207
1187008882.064941406	-0.38010168	0.41669279
1187008882.065429688	-0.22593099	0.35278341
1187008882.065917969	-0.1801669	0.339946
1187008882.066406250	-0.11156011	0.40962031
1187008882.066894531	0.093959153	0.31825978
1187008882.067382813	-0.093878739	0.16296655
1187008882.067871094	-0.33490387	0.70494884
1187008882.068359375	0.51130486	1.1400549
1187008882.068847656	1.2433422	0.28506944
1187008882.069335938	0.80710155	-0.46861869
1187008882.069824219	0.05821538	-0.45800871
1187008882.070312500	0.029465616	0.16951323
1187008882.070800781	0.82876188	0.27630353
1187008882.071289063	1.1835539	-0.48863238
1187008882.071777344	0.68342388	-0.93339342
1187008882.072265625	0.35996735	-1.0075203
1187008882.072753906	0.14033729	-1.3076732
1187008882.073242188	-0.69231856	-1.5649749
1187008882.073730469	-1.4378197	-0.87799776
1187008882.074218750	-1.3181548	-0.033196568
1187008882.074707031	-1.0008742	0.21370211
1187008882.075195313	-1.0788794	0.45288423
1187008882.075683594	-0.7657733	0.99550223
1187008882.076171875	-0.221488	0.98809177
1187008882.076660156	-0.057025731	0.63784838
1187008882.077148438	-0.13284233	0.76341969
1187008882.077636719	-0.045343384	1.0041084
1187008882.078125000	0.10635584	1.5020868
1187008882.078613281	1.2265301	1.8812037
1187008882.079101563	2.2837009	0.70451576
1187008882.079589844	1.7414739	-0.3483977
1187008882.080078125	1.5049701	-0.32523352
1187008882.080566406	1.6774292	-0.75878274
1187008882.081054688	1.4921377	-1.2443377
1187008882.081542969	1.2216113	-1.6820261
1187008882.082031250	0.54621512	-2.0210011
1187008882.082519531	-0.1236178	-1.7309163
1187008882.083007813	-0.1553735	-1.5981743
1187008882.083496094	-0.56702018	-1.7924443
1187008882.083984375	-1.1327896	-1.3311491
1187008882.084472656	-1.1521411	-0.75708032
1187008882.084960938	-0.95141864	-0.71074283
1187008882.085449219	-1.195972	-0.8135643
1187008882.085937500	-1.6438532	-0.25075799
1187008882.086425781	-1.3094463	0.55102736
1187008882.086914063	-0.59121227	0.57675791
1187008882.087402344	-0.49774528	0.18713495
1187008882.087890625	-0.79269612	0.29369694
1187008882.088378906	-0.4783648	0.54299062
1187008882.088867188	-0.2073645	0.22522393
1187008882.089355469	-0.54288483	-0.0072699785
1187008882.089843750	-0.92621613	0.54445726
1187008882.090332031	-0.61045438	1.272934
1187008882.090820313	0.33760035	1.1041186
1187008882.091308594	0.57828444	0.4355906
1187008882.091796875	0.10189581	0.16593364
1187008882.092285156	-0.12109393	0.54452974
1187008882.092773438	0.23855701	0.75745553
1187008882.093261719	0.5350787	0.43106976
1187008882.093750000	0.43978748	0.37132728
1187008882.094238281	0.45047843	0.45093125
1187008882.094726563	0.85593939	0.35961103
1187008882.095214844	1.0755638	-0.31381235
1187008882.095703125	0.32851803	-0.79132015
1187008882.096191406	-0.27656922	-0.47272459
1187008882.096679688	-0.17283696	-0.10480325
1187008882.097167969	0.041520894	-0.21409029
1187008882.097656250	-0.35045552	-0.38745785
1187008882.098144531	-0.73551136	0.24405268
1187008882.098632813	-0.35050416	0.73065633
1187008882.099121094	0.031256557	0.59682131
1187008882.099609375	-0.095286846	0.48823979
1187008882.100097656	-0.16186473	0.71074939
1187008882.100585938	0.053190298	0.86529183
1187008882.101074219	0.26458088	0.84105414
1187008882.101562500	0.45058599	0.86983281
1187008882.102050781	0.83788162	1.0771028
1187008882.102539063	1.4703074	0.81577742
1187008882.103027344	1.8392293	0.14311272
1187008882.103515625	1.7042536	-0.77987188
1187008882.104003906	1.0478919	-1.2993275
1187008882.104492188	0.45877463	-1.2620257
1187008882.104980469	0.11517587	-1.2135072
1187008882.105468750	-0.15162885	-1.1796749
1187008882.105957031	-0.6107136	-0.905536
1187008882.106445313	-0.54137588	-0.43282184
1187008882.106933594	-0.47693905	-0.60297757
1187008882.107421875	-0.90823996	-0.66742224
1187008882.107910156	-1.2998266	-0.11931094
1187008882.108398438	-1.1239653	0.62745535
1187008882.108886719	-0.37915629	0.78379941
1187008882.109375000	-0.20619559	0.46357042
1187008882.109863281	-0.45554835	0.5237897
1187008882.110351563	-0.55305558	1.1188321
1187008882.110839844	0.10843113	1.4805958
1187008882.111328125	0.91059005	1.2114217
1187008882.111816406	1.2114266	0.70344877
1187008882.112304688	1.3744143	0.48473749
1187008882.112792969	1.5720707	-0.14586724
1187008882.113281250	1.1869786	-0.63725829
1187008882.113769531	0.84827811	-0.72081292
1187008882.114257813	0.45611399	-0.86424613
1187008882.114746094	0.24326095	-0.57664305
1187008882.115234375	0.4608528	-0.76835489
1187008882.115722656	0.049356252	-0.96593392
1187008882.116210938	-0.13047415	-0.63401282
1187008882.116699219	0.14739764	-0.62805861
1187008882.117187500	-0.082720935	-1.07135
1187008882.117675781	-0.66807806	-1.0209777
1187008882.118164063	-1.0515685	-0.56738931
1187008882.118652344	-0.90505415	0.020645797
1187008882.119140625	-0.38961038	-0.077468157
1187008882.119628906	-0.7089349	-0.3670131
1187008882.120117188	-0.9736259	0.33762842
1187008882.120605469	-0.2708075	0.69739032
1187008882.121093750	0.37369171	0.15541419
1187008882.121582031	0.26748654	-0.66596347
1187008882.122070313	-0.65625107	-0.92586315
1187008882.122558594	-1.2497386	-0.23681094
1187008882.123046875	-0.91975582	0.15913469
1187008882.123535156	-0.91211343	0.26764894
1187008882.124023438	-0.86770046	0.83284235
1187008882.124511719	-0.22646722	0.82756424
1187008882.125000000	0.044476897	0.15661275
1187008882.125488281	-0.55904305	-0.29157513
1187008882.125976563	-1.2248876	0.22824484
1187008882.126464844	-1.1453217	0.84603471
1187008882.126953125	-0.85626704	1.0193003
1187008882.127441406	-0.76088995	1.1776702
1187008882.127929688	-0.66764045	1.6206231
1187008882.128417969	-0.039997816	1.9303689
1187008882.128906250	0.68843734	1.8227357
1187008882.129394531	1.1392072	1.4277396
1187008882.129882813	1.1453876	1.0421573
1187008882.130371094	1.1583719	1.174675
1187008882.130859375	1.8689575	1.0338057
1187008882.131347656	2.2504573	0.082416058
1187008882.131835938	1.8021756	-0.54570377
1187008882.132324219	1.6264774	-0.81504393
1187008882.132812500	1.2980235	-1.3246212
1187008882.133300781	0.79253781	-1.4342016
1187008882.133789063	0.57376677	-1.4722104
1187008882.134277344	0.2292777	-1.3554449
1187008882.134765625	0.2678048	-1.3099442
1187008882.135253906	0.1267519	-1.7101288
1187008882.135742188	-0.68715334	-1.7182927
1187008882.136230469	-1.1827435	-1.1660516
1187008882.136718750	-1.249064	-0.71755266
1187008882.137207031	-1.2191651	-0.28543818
1187008882.137695313	-0.89030004	-0.017202616
1187008882.138183594	-0.76759648	0.17493886
1187008882.138671875	-0.55368292	0.16122854
1187008882.139160156	-0.50384128	0.12351847
1187008882.139648438	-0.43152142	0.28527045
1187008882.140136719	0.082348883	0.41108993
1187008882.140625000	0.36627358	0.076820724
1187008882.141113281	0.16491252	-0.33325219
1187008882.141601563	-0.0059375763	-0.50576979
1187008882.142089844	-0.31712529	-0.50178856
1187008882.142578125	-0.29261726	-0.31828296
1187008882.143066406	-0.27263871	-0.77073377
1187008882.143554688	-1.1444645	-0.82436854
1187008882.144042969	-1.566227	-0.022690177
1187008882.144531250	-1.1853126	0.60940254
1187008882.145019531	-0.79202205	0.74498129
1187008882.145507813	-0.73134512	0.67147464
1187008882.145996094	-0.92427146	1.0057857
1187008882.146484375	-0.57978344	1.6752774
1187008882.146972656	0.38396439	1.5926292
1187008882.147460938	0.6500172	1.0519681
1187008882.147949219	0.61330503	0.99759871
1187008882.148437500	0.92387038	0.99234229
1187008882.148925781	1.2019305	0.49067432
1187008882.149414063	1.2884736	0.25263029
1187008882.149902344	1.4905331	-0.16199821
1187008882.150390625	1.4036832	-0.82930887
1187008882.150878906	1.0347857	-1.4678198
1187008882.151367188	0.12257081	-1.7235096
1187008882.151855469	-0.62099373	-1.1485958
1187008882.152343750	-0.46058357	-0.45782986
1187008882.152832031	-0.0038917065	-0.51457262
1187008882.153320313	0.010836542	-1.0264417
1187008882.153808594	-0.63854122	-1.2373852
1187008882.154296875	-1.3118793	-0.91529155
1187008882.154785156	-1.5644524	-0.40103734
1187008882.155273438	-1.571296	-0.11016051
1187008882.155761719	-1.7115879	0.45260355
1187008882.156250000	-1.3721366	0.99072945
1187008882.156738281	-0.93525422	1.1913073
1187008882.157226563	-0.54833233	1.1302617
1187008882.157714844	-0.64738786	1.1293628
1187008882.158203125	-0.49668252	1.6667552
1187008882.158691406	0.44719484	1.7740486
1187008882.159179688	0.94375122	1.0093625
1187008882.159667969	0.60824269	0.64282024
1187008882.160156250	0.43678039	0.72962505
1187008882.160644531	0.56915414	0.61028868
1187008882.161132813	0.54539186	0.48185936
1187008882.161621094	0.52453911	0.54060787
1187008882.162109375	0.61098784	0.81313938
1187008882.162597656	1.3326386	0.66825092
1187008882.163085938	1.6326016	-0.22887033
1187008882.163574219	1.0712541	-0.90308386
1187008882.164062500	0.38444552	-0.93028927
1187008882.164550781	0.089542389	-0.61449778
1187008882.165039063	0.12672836	-0.45652384
1187008882.165527344	0.11775005	-0.5354811
1187008882.166015625	-0.25630689	-0.39768732
1187008882.166503906	-0.12173009	-0.23016271
1187008882.166992188	-0.20667392	-0.66636574
1187008882.167480469	-1.122808	-0.48450565
1187008882.167968750	-1.3461144	0.84727401
1187008882.168457031	-0.22585611	1.607367
1187008882.168945313	0.74747169	1.2996674
1187008882.169433594	1.0896343	0.80345631
1187008882.169921875	1.1720514	0.35335517
1187008882.170410156	1.0135096	0.07705763
1187008882.170898438	1.3351088	-0.18469341
1187008882.171386719	1.1500528	-0.81520784
1187008882.171875000	0.40465432	-1.1038219
1187008882.172363281	0.089360058	-0.53896773
1187008882.172851563	0.37170023	-0.53355896
1187008882.173339844	0.17182064	-0.70241106
1187008882.173828125	0.12362456	-0.60046875
1187008882.174316406	0.16445804	-0.77258325
1187008882.174804688	0.046215802	-1.0102034
1187008882.175292969	-0.29759085	-1.1716402
1187008882.175781250	-0.93027079	-1.0286554
1187008882.176269531	-1.2480218	-0.62906891
1187008882.176757813	-1.3066232	-0.26445192
1187008882.177246094	-1.5760226	-0.073157132
1187008882.177734375	-1.9876738	0.8238923
1187008882.178222656	-1.3788416	2.0350938
1187008882.178710938	0.0026028231	2.4247727
1187008882.179199219	1.0254314	1.7431668
1187008882.179687500	1.1566495	1.1307707
1187008882.180175781	1.2582726	0.78778619
1187008882.180664063	1.1060848	0.18647054
1187008882.181152344	0.91148078	0.060842037
1187008882.181640625	0.93916053	0.0020084828
1187008882.182128906	0.88123435	-0.084883362
1187008882.182617188	1.0466583	-0.31624365
1187008882.183105469	0.80583143	-0.97167838
1187008882.183593750	-0.014806807	-0.73410523
1187008882.184082031	0.013596535	-0.13643372
1187008882.184570313	0.6433174	-0.11551523
1187008882.185058594	0.88533145	-0.87863302
1187008882.185546875	0.14855665	-1.5054018
1187008882.186035156	-0.80592805	-1.0594922
1187008882.186523438	-0.86317289	-0.3280676
1187008882.187011719	-0.49224603	-0.12064715
1187008882.187500000	-0.38490281	-0.1268099
1187008882.187988281	-0.33787969	0.14548182
1187008882.188476563	0.14941078	0.21583119
1187008882.188964844	0.21103695	-0.28998223
1187008882.189453125	-0.17915764	-0.57211393
1187008882.189941406	-0.58931613	-0.14120275
1187008882.190429688	-0.38457382	0.2681329
1187008882.190917969	-0.055797935	0.40151247
1187008882.191406250	0.30810931	0.34945759
1187008882.191894531	0.70123482	0.11628278
1187008882.192382813	0.88407362	-0.38662195
1187008882.192871094	0.73291659	-1.1058017
1187008882.193359375	0.11407959	-1.5095296
1187008882.193847656	-0.78104925	-1.3554807
1187008882.194335938	-1.3692967	-0.6256094
1187008882.194824219	-0.98081553	0.050810486
1187008882.195312500	-0.53738272	0.15962142
1187008882.195800781	-0.2626844	0.20406514
1187008882.196289063	-0.0081310719	-0.084354371
1187008882.196777344	-0.20173909	-0.61673069
1187008882.197265625	-0.74849391	-0.60777169
1187008882.197753906	-0.9875983	-0.21649255
1187008882.198242188	-0.97163475	0.02391535
1187008882.198730469	-0.97411096	0.1006025
1187008882.199218750	-1.284873	0.074013203
1187008882.199707031	-1.7253821	0.77884829
1187008882.200195313	-1.2254751	1.696696
1187008882.200683594	-0.24604213	1.7552049
1187008882.201171875	0.11605312	1.3019481
1187008882.201660156	0.043447144	1.3035964
1187008882.202148438	0.2702632	1.6435816
1187008882.202636719	1.1091422	1.5726867
1187008882.203125000	1.4715848	0.72383416
1187008882.203613281	0.96701264	0.26238266
1187008882.204101563	0.82633388	0.61885488
1187008882.204589844	1.1945329	0.50501549
1187008882.205078125	1.2244097	0.24663073
1187008882.205566406	1.3353126	0.097759545
1187008882.206054688	1.4069592	-0.15501463
1187008882.206542969	1.3848895	-0.39271364
1187008882.207031250	1.6647291	-0.77791226
1187008882.207519531	1.2593937	-1.5238615
1187008882.208007813	0.46016484	-1.5431967
1187008882.208496094	0.26972324	-1.3511559
1187008882.208984375	0.039667726	-1.3315928
1187008882.209472656	-0.22084302	-1.2046332
1187008882.209960938	-0.26441905	-1.0519907
1187008882.210449219	-0.39763314	-0.95699561
1187008882.210937500	-0.58206326	-0.98454368
1187008882.211425781	-0.8894186	-0.81767565
1187008882.211914063	-1.0338807	-0.40382987
1187008882.212402344	-0.98430908	-0.024817675
1187008882.212890625	-0.6317178	0.28450224
1187008882.213378906	-0.13349441	0.094831958
1187008882.213867188	-0.31154433	-0.31012428
1187008882.214355469	-0.47837344	-0.024327859
1187008882.214843750	-0.19684446	-0.37198788
1187008882.215332031	-0.76646399	-0.65839815
1187008882.215820313	-1.1445872	0.019725859
1187008882.216308594	-0.78820324	0.23628089
1187008882.216796875	-0.94396865	0.1198445
1187008882.217285156	-0.96439761	0.49452302
1187008882.217773438	-0.65684533	0.63075054
1187008882.218261719	-0.7580657	0.59943604
1187008882.218750000	-0.66273546	0.95098293
1187008882.219238281	-0.31738847	0.957506
1187008882.219726563	-0.23824757	0.96567476
1187008882.220214844	0.063657612	1.1836369
1187008882.220703125	0.60538995	1.0212777
1187008882.221191406	0.74624658	0.25148374
1187008882.221679688	-0.047248617	-0.20319331
1187008882.222167969	-0.80398268	0.53252709
1187008882.222656250	-0.31324726	1.2100309
1187008882.223144531	0.25006115	1.0489186
1187008882.223632813	0.2227006	0.97550815
1187008882.224121094	0.74773151	1.1839788
1187008882.224609375	1.4436604	0.70381653
1187008882.225097656	1.3845801	-0.37346673
1187008882.225585938	0.37919194	-0.79177499
1187008882.226074219	-0.36312139	-0.14055881
1187008882.226562500	-0.10243619	0.42314842
1187008882.227050781	0.27004564	0.1773546
1187008882.227539063	-0.20316	-0.033435531
1187008882.228027344	-0.51846558	0.70370102
1187008882.228515625	0.27739215	1.1743717
1187008882.229003906	0.92410457	0.80420315
1187008882.229492188	1.039242	0.39827418
1187008882.229980469	1.0788014	0.47589552
1187008882.230468750	1.6374596	0.13383099
1187008882.230957031	1.7058358	-0.81153727
1187008882.231445313	1.126971	-1.4613605
1187008882.231933594	0.38483411	-1.6315495
1187008882.232421875	-0.21168914	-1.2161374
1187008882.232910156	-0.08364211	-0.82765466
1187008882.233398438	0.01070863	-1.0266361
1187008882.233886719	-0.43839398	-0.90404803
1187008882.234375000	-0.34950122	-0.39864939
1187008882.234863281	0.043878213	-0.63491845
1187008882.235351563	-0.26191136	-0.99930835
1187008882.235839844	-0.79605782	-0.97853625
1187008882.236328125	-1.0785863	-0.42500418
1187008882.236816406	-0.71564281	-0.10881624
1187008882.237304688	-0.60827851	-0.28041127
1187008882.237792969	-0.68464065	-0.052225754
1187008882.238281250	-0.13631845	-0.015034072
1187008882.238769531	-0.021267712	-0.93894637
1187008882.239257813	-1.0893115	-1.3023503
1187008882.239746094	-1.9701498	-0.62159497
1187008882.240234375	-2.0093179	0.53720057
1187008882.240722656	-1.1445014	1.1779022
1187008882.241210938	-0.3774136	0.685022
1187008882.241699219	-0.60841417	0.22188681
1187008882.242187500	-1.0963137	0.33279753
1187008882.242675781	-1.1985244	0.92203957
1187008882.243164063	-0.82363439	1.3151423
1187008882.243652344	-0.61821318	1.3763974
1187008882.244140625	-0.44445214	1.8231163
1187008882.244628906	0.29611036	2.1524258
1187008882.245117188	1.1510783	1.6883365
1187008882.245605469	1.3017178	1.0233123
1187008882.246093750	1.1179264	0.87254208
1187008882.246582031	1.2818094	1.0034612
1187008882.247070313	1.8749907	0.72614074
1187008882.247558594	2.1621094	0.026660964
1187008882.248046875	1.9482012	-0.61685705
1187008882.248535156	1.7861128	-0.91004002
1187008882.249023438	1.9001163	-1.5261589
1187008882.249511719	1.3012644	-2.4386382
1187008882.250000000	0.14487517	-2.569253
1187008882.250488281	-0.51803672	-2.2389023
1187008882.250976563	-1.0855476	-2.0830011
1187008882.251464844	-1.6585582	-1.6127367
1187008882.251953125	-2.1444263	-0.70857847
1187008882.252441406	-1.8860848	0.47807622
1187008882.252929688	-0.99269116	0.93252635
1187008882.253417969	-0.56654298	0.74283451
1187008882.253906250	-0.4607091	0.83191699
1187008882.254394531	-0.047938764	0.94947326
1187008882.254882813	0.40658751	0.51603627
1187008882.255371094	0.24034509	-0.15763545
1187008882.255859375	-0.51465368	-0.11063695
1187008882.256347656	-0.88254321	0.83705884
1187008882.256835938	-0.033963084	1.4095844
1187008882.257324219	0.77852184	1.0343442
1187008882.257812500	0.82291323	0.71016496
1187008882.258300781	1.2104012	0.84595257
1187008882.258789063	1.8837606	0.28652763
1187008882.259277344	1.7733866	-0.71951413
1187008882.259765625	1.0957798	-1.0483185
1187008882.260253906	0.81563461	-1.0373769
1187008882.260742188	0.69768846	-1.3131304
1187008882.261230469	0.13361689	-1.5308857
1187008882.261718750	-0.43655139	-1.2971245
1187008882.262207031	-0.97738093	-0.84355122
1187008882.262695313	-1.0047385	0.098067731
1187008882.263183594	-0.2053062	0.5575732
1187008882.263671875	0.40919855	0.16804254
1187008882.264160156	0.41850442	-0.33706015
1187008882.264648438	0.38118672	-0.79391736
1187008882.265136719	0.12282233	-1.2913437
1187008882.265625000	-0.83780366	-1.5626239
1187008882.266113281	-1.7695214	-0.67944366
1187008882.266601563	-1.5720731	0.29765114
1187008882.267089844	-1.2924168	0.2981348
1187008882.267578125	-1.5110475	0.83127642
1187008882.268066406	-0.93078077	1.4603333
1187008882.268554688	-0.095033333	1.4903967
1187008882.269042969	0.33190176	0.8849411
1187008882.269531250	0.053394794	0.54474157
1187008882.270019531	-0.23016508	0.96432567
1187008882.270507813	0.25449401	1.4066463
1187008882.270996094	0.81476128	1.1447058
1187008882.271484375	0.84706974	0.87794292
1187008882.271972656	1.0114958	0.96043551
1187008882.272460938	1.5419108	0.66834182
1187008882.272949219	1.7412527	-0.17637619
1187008882.273437500	1.2511079	-0.85714233
1187008882.273925781	0.75987244	-0.84251767
1187008882.274414063	0.41327447	-1.0079019
1187008882.274902344	0.021443933	-0.88364005
1187008882.275390625	-0.063142344	-0.66192293
1187008882.275878906	-0.33122006	-0.65999883
1187008882.276367188	-0.54012936	-0.033917591
1187008882.276855469	0.31641197	0.26526701
1187008882.277343750	0.7434743	-0.68324208
1187008882.277832031	-0.087175578	-1.2228086
1187008882.278320313	-0.73538858	-0.74047941
1187008882.278808594	-0.69557744	-0.22148094
1187008882.279296875	-0.47044653	-0.35093862
1187008882.279785156	-0.89062542	-0.24154732
1187008882.280273438	-0.84375548	0.47514433
1187008882.280761719	-0.1857172	0.60182929
1187008882.281250000	0.1296439	0.086930633
1187008882.281738281	-0.085634083	-0.31018704
1187008882.282226563	-0.51937246	-0.30752146
1187008882.282714844	-0.60043359	-0.057292938
1187008882.283203125	-0.690988	-0.065464422
1187008882.283691406	-0.90057355	0.23530149
1187008882.284179688	-0.68008536	0.6013394
1187008882.284667969	-0.34681422	0.40413722
1187008882.285156250	-0.44093263	0.1632311
1187008882.285644531	-0.83865619	0.067293569
1187008882.286132813	-1.112734	0.80828261
1187008882.286621094	-0.44348156	1.265708
1187008882.287109375	0.10028496	0.92065465
1187008882.287597656	0.19726597	0.69984949
1187008882.288085938	0.16771205	0.46421602
1187008882.288574219	0.10186295	0.40467632
1187008882.289062500	0.24735977	0.22786976
1187008882.289550781	0.023847565	-0.059576571
1187008882.290039063	-0.35465354	-0.011979699
1187008882.290527344	-0.47612184	0.42002255
1187008882.291015625	-0.35632083	0.49973533
1187008882.291503906	-0.28613839	0.58094865
1187008882.291992188	-0.17861578	0.7092945
1187008882.292480469	-0.11450016	0.854195
1187008882.292968750	0.26943043	0.71552646
1187008882.293457031	0.21346992	0.28808933
1187008882.293945313	-0.25922692	0.55445486
1187008882.294433594	-0.015044004	1.0684441
1187008882.294921875	0.527897	1.0117718
1187008882.295410156	0.62389207	0.76712334
1187008882.295898438	0.8070634	1.0605236
1187008882.296386719	1.514742	1.023818
1187008882.296875000	1.9808804	0.26648965
1187008882.297363281	1.7385693	-0.56098366
1187008882.297851563	1.1099663	-0.83666086
1187008882.298339844	0.86626184	-0.66438484
1187008882.298828125	0.99121749	-0.7339533
1187008882.299316406	0.84906238	-1.2506243
1187008882.299804688	0.061195374	-1.339285
1187008882.300292969	-0.29864275	-0.56084305
1187008882.300781250	0.36829519	-0.24277422
1187008882.301269531	0.60020256	-0.9147048
1187008882.301757813	-0.018469483	-0.97741932
1187008882.302246094	-0.16079187	-0.51149255
1187008882.302734375	0.12222807	-0.39109412
1187008882.303222656	0.28707999	-0.74554038
1187008882.303710938	-0.052990362	-0.96858805
1187008882.304199219	-0.51461333	-0.67971992
1187008882.304687500	-0.37358642	-0.20919362
1187008882.305175781	0.026368737	-0.14018859
1187008882.305664063	0.1064595	-0.27454549
1187008882.306152344	0.20523334	-0.23514891
1187008882.306640625	0.49165922	-0.46617267
1187008882.307128906	0.23019421	-0.93224919
1187008882.307617188	-0.45129591	-0.8479712
1187008882.308105469	-0.75236833	-0.17793959
1187008882.308593750	-0.32935044	0.18996853
1187008882.309082031	0.059114158	0.019684613
1187008882.309570313	-0.1958036	-0.056548029
1187008882.310058594	-0.36630595	0.57065034
1187008882.310546875	0.52014899	1.0010455
1187008882.311035156	1.2992486	0.38447389
1187008882.311523438	1.3030926	-0.38349941
1187008882.312011719	0.93699425	-0.76983041
1187008882.312500000	0.54345328	-0.74819779
1187008882.312988281	0.49035355	-0.54159057
1187008882.313476563	0.57295609	-0.62112653
1187008882.313964844	0.63744843	-0.58195519
1187008882.314453125	0.81165642	-0.7211498
1187008882.314941406	0.93749356	-1.1252654
1187008882.315429688	0.98497796	-1.6899141
1187008882.315917969	0.64527333	-2.2877405
1187008882.316406250	-0.16576582	-2.531508
1187008882.316894531	-0.75530195	-2.5210707
1187008882.317382813	-1.2974678	-2.4151769
1187008882.317871094	-2.0417809	-2.1140106
1187008882.318359375	-2.5868664	-1.3401294
1187008882.318847656	-2.4135044	-0.70995951
1187008882.319335938	-2.5778408	-0.53335118
1187008882.319824219	-2.7977324	0.25773686
1187008882.320312500	-2.3917899	1.0359551
1187008882.320800781	-1.8902397	1.2775488
1187008882.321289063	-1.4991517	1.1952232
1187008882.321777344	-1.5107162	1.0764716
1187008882.322265625	-1.5820209	1.2958357
1187008882.322753906	-1.295011	1.6340544
1187008882.323242188	-0.92595601	1.5175728
1187008882.323730469	-1.1475143	1.3746792
1187008882.324218750	-1.5168034	1.913249
1187008882.324707031	-1.1563847	2.7755134
1187008882.325195313	-0.16383548	3.035969
1187008882.325683594	0.3265551	2.8661044
1187008882.326171875	0.60621303	2.9597728
1187008882.326660156	1.2439642	3.0519958
1187008882.327148438	1.9979324	2.7875085
1187008882.327636719	2.5089107	2.08902
1187008882.328125000	2.5267258	1.673326
1187008882.328613281	2.7189224	1.4005003
1187008882.329101563	3.0179734	0.83125305
1187008882.329589844	2.821497	0.05828011
1187008882.330078125	2.2798307	-0.19185287
1187008882.330566406	2.0676625	-0.16605915
1187008882.331054688	2.3616343	-0.25362539
1187008882.331542969	2.5092382	-0.94087958
1187008882.332031250	1.9018459	-1.3581941
1187008882.332519531	1.7773405	-1.1986518
1187008882.333007813	1.8211786	-1.7795771
1187008882.333496094	1.0455074	-2.2453237
1187008882.333984375	0.44281435	-1.9880127
1187008882.334472656	0.23597372	-2.0568089
1187008882.334960938	-0.43545768	-2.2183313
1187008882.335449219	-1.348084	-1.8825005
1187008882.335937500	-2.0134344	-0.90242851
1187008882.336425781	-1.8971583	0.42774796
1187008882.336914063	-0.84658438	1.0939689
1187008882.337402344	0.061645001	0.97271281
1187008882.337890625	0.40741515	0.46893519
1187008882.338378906	0.2826913	0.23455876
1187008882.338867188	0.39078948	0.19315386
1187008882.339355469	0.71320873	-0.085742116
1187008882.339843750	0.61661816	-0.55624032
1187008882.340332031	0.32293022	-0.50362313
1187008882.340820313	0.77238816	-0.52785337
1187008882.341308594	0.79858899	-1.2474308
1187008882.341796875	0.097154796	-1.6049936
1187008882.342285156	-0.37629411	-1.4325924
1187008882.342773438	-0.64626843	-1.3008935
1187008882.343261719	-0.81304407	-1.3404579
1187008882.343750000	-1.1733208	-1.1567986
1187008882.344238281	-1.3184369	-0.77937716
1187008882.344726563	-1.2765779	-0.65499187
1187008882.345214844	-1.3291713	-0.58102816
1187008882.345703125	-1.6269701	-0.41101551
1187008882.346191406	-1.7865061	0.070715845
1187008882.346679688	-1.4692333	0.42663833
1187008882.347167969	-1.3356135	0.20878267
1187008882.347656250	-1.8151826	0.22233915
1187008882.348144531	-2.1520133	1.0890934
1187008882.348632813	-1.4639366	1.9785424
1187008882.349121094	-0.29585701	1.9405479
1187008882.349609375	0.23226571	1.4328257
1187008882.350097656	0.51972097	1.110252
1187008882.350585938	0.7038731	0.50334209
1187008882.351074219	0.29835212	-0.1340076
1187008882.351562500	-0.34900594	0.049775898
1187008882.352050781	-0.39770365	0.62231922
1187008882.352539063	0.031309664	0.90003121
1187008882.353027344	0.56523174	0.69856429
1187008882.353515625	0.77869558	0.0068309903
1187008882.354003906	0.43981493	-0.30632332
1187008882.354492188	0.31056798	-0.40923598
1187008882.354980469	0.07705313	-0.80190498
1187008882.355468750	-0.4497838	-0.87081444
1187008882.355957031	-1.0975678	-0.46829668
1187008882.356445313	-1.2515086	0.38384587
1187008882.356933594	-0.65710235	0.89634234
1187008882.357421875	-0.19762751	0.64483505
1187008882.357910156	-0.16387588	0.44918579
1187008882.358398438	-0.20051867	0.48167685
1187008882.358886719	-0.31634432	0.32694131
1187008882.359375000	-0.48735234	0.49903467
1187008882.359863281	-0.38881445	0.60425723
1187008882.360351563	-0.40196061	0.75262922
1187008882.360839844	-0.22545955	0.96071571
1187008882.361328125	0.19283709	1.0408731
1187008882.361816406	0.43988603	0.83004546
1187008882.362304688	0.34624165	0.59171438
1187008882.362792969	0.4236424	0.7424475
1187008882.363281250	0.74636358	0.4684476
1187008882.363769531	0.65586257	0.28504968
1187008882.364257813	0.58780634	0.52365828
1187008882.364746094	0.96505809	0.67555505
1187008882.365234375	1.4394469	0.054149389
1187008882.365722656	0.95543939	-0.65802974
1187008882.366210938	0.37058198	-0.55565476
1187008882.366699219	0.34678441	-0.42669126
1187008882.367187500	0.21401882	-0.69046932
1187008882.367675781	-0.39675939	-0.57681578
1187008882.368164063	-0.66423821	0.27866444
1187008882.368652344	0.012503505	0.78256619
1187008882.369140625	0.49588102	0.58453155
1187008882.369628906	0.49900383	0.60187072
1187008882.370117188	0.87084651	0.7008127
1187008882.370605469	1.2278845	0.36121231
1187008882.371093750	1.2301977	-0.014970541
1187008882.371582031	1.1065102	-0.16442609
1187008882.372070313	1.0148779	-0.053032875
1187008882.372558594	1.3877034	-0.11913186
1187008882.373046875	1.4257499	-0.68507278
1187008882.373535156	1.1597111	-1.0386996
1187008882.374023438	0.78371817	-1.146641
1187008882.374511719	0.64904779	-1.0608677
1187008882.375000000	0.68133116	-1.2029337
1187008882.375488281	0.3770951	-1.4626553
1187008882.375976563	0.046897054	-1.2385819
1187008882.376464844	-0.0051648617	-1.1640511
1187008882.376953125	0.039290667	-1.2756934
1187008882.377441406	-0.29876328	-1.5755101
1187008882.377929688	-1.0793488	-1.4379034
1187008882.378417969	-1.5547901	-0.57718217
1187008882.378906250	-1.3942528	0.097340345
1187008882.379394531	-0.93918431	0.57464999
1187008882.379882813	-0.33690321	0.7478326
1187008882.380371094	0.042287618	0.69068849
1187008882.380859375	0.61146009	0.67906427
1187008882.381347656	1.1646674	0.11959326
1187008882.381835938	0.97465992	-0.69573212
1187008882.382324219	0.59998947	-0.79705012
1187008882.382812500	0.65305889	-0.92845619
1187008882.383300781	0.42617381	-1.3963681
1187008882.383789063	-0.13405097	-1.3084421
1187008882.384277344	-0.32996404	-1.1430979
1187008882.384765625	-0.55658704	-1.1017039
1187008882.385253906	-0.86789834	-1.0007808
1187008882.385742188	-1.1826866	-0.54218143
1187008882.386230469	-0.85970604	0.23144388
1187008882.386718750	-0.082250357	-0.025868893
1187008882.387207031	-0.21227145	-0.82016242
1187008882.387695313	-0.96462691	-0.96252137
1187008882.388183594	-1.5456518	-0.31661266
1187008882.388671875	-1.2278882	0.59645957
1187008882.389160156	-0.58532274	0.60224187
1187008882.389648438	-0.54923856	0.36051267
1187008882.390136719	-0.59405661	0.72290015
1187008882.390625000	0.064625107	1.0096834
1187008882.391113281	0.84108567	0.50434852
1187008882.391601563	0.73552394	-0.33308122
1187008882.392089844	0.271927	-0.32164794
1187008882.392578125	0.53560227	-0.27071732
1187008882.393066406	0.85080212	-0.95824462
1187008882.393554688	0.2964499	-1.7841474
1187008882.394042969	-0.883744	-1.9792387
1187008882.394531250	-1.5416037	-1.0347484
1187008882.395019531	-1.0727155	-0.6365959
1187008882.395507813	-1.1772845	-1.1065739
1187008882.395996094	-2.170305	-0.94568062
1187008882.396484375	-2.7073011	0.021647282
1187008882.396972656	-2.415776	0.79957056
1187008882.397460938	-2.2191944	1.1521933
1187008882.397949219	-2.119807	1.6943734
1187008882.398437500	-1.7173295	2.2268918
1187008882.398925781	-0.97530109	2.452899
1187008882.399414063	-0.4300279	1.9967425
1187008882.399902344	-0.61672664	1.9179467
1187008882.400390625	-0.43100929	2.3681901
1187008882.400878906	0.076542109	2.3095658
1187008882.401367188	0.17132597	2.0965729
1187008882.401855469	0.21752352	2.2992091
1187008882.402343750	0.58542663	2.7552412
1187008882.402832031	1.4001496	2.9114432
1187008882.403320313	2.4649067	2.4351971
1187008882.403808594	3.1090848	1.278697
1187008882.404296875	2.804491	0.21391633
1187008882.404785156	2.4044063	-0.15984297
1187008882.405273438	2.2130198	-0.64723688
1187008882.405761719	1.47672	-1.0365168
1187008882.406250000	1.0290434	-0.52846175
1187008882.406738281	1.3014532	-0.35473579
1187008882.407226563	1.5290204	-0.82165521
1187008882.407714844	1.1962472	-1.3662599
1187008882.408203125	0.53769624	-1.4990581
1187008882.408691406	0.23652357	-1.4808517
1187008882.409179688	-0.29059547	-1.8859775
1187008882.409667969	-1.2490957	-1.6535673
1187008882.410156250	-1.8879979	-0.84631824
1187008882.410644531	-1.9602323	0.29499236
1187008882.411132813	-1.2895279	0.96716732
1187008882.411621094	-0.81781811	0.82941556
1187008882.412109375	-0.84495711	0.98749596
1187008882.412597656	-0.61315697	1.317804
1187008882.413085938	-0.27513713	1.4655517
1187008882.413574219	0.010775954	1.6403999
1187008882.414062500	0.41514179	1.8996077
1187008882.414550781	1.0128506	1.8362327
1187008882.415039063	1.589517	1.3507568
1187008882.415527344	1.707248	0.76624382
1187008882.416015625	1.5625538	0.50386989
1187008882.416503906	1.6333891	0.50039744
1187008882.416992188	1.918257	0.24349344
1187008882.417480469	1.8387089	-0.19042987
1187008882.417968750	1.6826897	-0.2363233
1187008882.418457031	1.8061116	-0.18247351
1187008882.418945313	2.1362121	-0.40460998
1187008882.419433594	2.1238151	-1.0411513
1187008882.419921875	1.6558044	-1.1039093
1187008882.420410156	1.9361806	-0.9713521
1187008882.420898438	2.232296	-1.7539368
1187008882.421386719	1.6493319	-2.4814286
1187008882.421875000	0.94640505	-2.4305928
1187008882.422363281	0.67512405	-2.1183567
1187008882.422851563	0.86831188	-1.769285
1187008882.423339844	1.488005	-2.0421796
1187008882.423828125	1.2672288	-2.7554047
1187008882.424316406	1.1099032	-2.7597227
1187008882.424804688	1.5863762	-3.5940614
1187008882.425292969	0.76653814	-5.1766624
1187008882.425781250	-0.7574358	-5.6264782
1187008882.426269531	-2.0920992	-5.4532413
1187008882.426757813	-3.2021031	-4.8424931
1187008882.427246094	-3.5231328	-4.1854715
1187008882.427734375	-4.0000095	-4.3042192
1187008882.428222656	-5.1816592	-3.7608619
1187008882.428710938	-5.8018494	-2.9619939
1187008882.429199219	-6.212203	-2.225801
1187008882.429687500	-6.8354292	-1.413725
1187008882.430175781	-7.4988685	-0.047584295
1187008882.430664063	-7.2185311	1.9206042
1187008882.431152344	-6.0273004	2.8433747
1187008882.431640625	-5.2966151	3.3797016
1187008882.432128906	-4.5321417	3.8380463
1187008882.432617188	-3.7030745	3.7958128
1187008882.433105469	-3.4218867	3.5597181
1187008882.433593750	-3.3847799	3.5975697
1187008882.434082031	-3.2753568	3.8580401
1187008882.434570313	-3.3747907	4.0980768
1187008882.435058594	-3.429085	4.4215798
1187008882.435546875	-3.6055357	4.8710389
1187008882.436035156	-3.9874141	6.0299087
1187008882.436523438	-3.5087998	7.488637
1187008882.437011719	-2.5848646	8.5820427
1187008882.437500000	-1.5138769	9.5339327
1187008882.437988281	-0.064453602	10.42848
1187008882.438476563	1.6790848	11.279078
1187008882.438964844	3.9095488	11.439294
1187008882.439453125	5.9112816	10.872497
1187008882.439941406	7.4927287	10.309572
1187008882.440429688	9.3648167	9.7246456
1187008882.440917969	11.350006	8.4745502
1187008882.441406250	12.796342	6.7139912
1187008882.441894531	13.965976	5.2874813
1187008882.442382813	15.570805	3.7146771
1187008882.442871094	17.12837	1.1968822
1187008882.443359375	17.977777	-1.6674041
1187008882.443847656	18.82888	-4.3533602
1187008882.444335938	19.940878	-8.5716505
1187008882.444824219	18.929068	-14.424465
1187008882.445312500	14.986069	-19.637657
1187008882.445800781	9.2499275	-22.952881
1187008882.446289063	2.9694266	-23.472387
1187008882.446777344	-1.9575394	-21.919399
1187008882.447265625	-5.4512053	-20.03384
1187008882.447753906	-8.5948849	-17.989183
1187008882.448242188	-11.062414	-15.282923
1187008882.448730469	-12.546816	-12.686646
1187008882.449218750	-13.819493	-10.231057
1187008882.449707031	-14.737114	-7.6962848
1187008882.450195313	-15.390708	-4.9034214
1187008882.450683594	-15.229572	-1.9987874
1187008882.451171875	-14.405861	0.30576468
1187008882.451660156	-13.910149	2.4422472
1187008882.452148438	-12.833942	5.0045433
1187008882.452636719	-10.677725	6.972086
1187008882.453125000	-8.5422297	7.7677226
1187008882.453613281	-6.8020735	8.1891708
1187008882.454101563	-5.3045173	8.7361507
1187008882.454589844	-3.2809644	9.1602392
1187008882.455078125	-0.98559427	8.4366398
1187008882.455566406	0.12049556	7.1435928
1187008882.456054688	0.81963599	6.2342372
1187008882.456542969	1.4211193	5.1522274
1187008882.457031250	1.3676461	4.0392742
1187008882.457519531	1.0663905	3.2138069
1187008882.458007813	0.32124519	2.9520586
1187008882.458496094	-0.040710926	3.480773
1187008882.458984375	0.31009746	3.6665156
1187008882.459472656	0.23809981	3.6700287
1187008882.459960938	0.18104219	4.3423834
1187008882.460449219	1.2242215	5.166501
1187008882.460937500	2.8089156	4.8077483
1187008882.461425781	3.3234258	3.5749648
1187008882.461914063	3.3932571	3.1297617
1187008882.462402344	3.8058131	2.8614917
1187008882.462890625	4.4064264	2.2233324
1187008882.463378906	5.0093737	1.1590055
1187008882.463867188	4.6508679	-0.43179393
1187008882.464355469	3.4911513	-0.96965277
1187008882.464843750	2.9359074	-0.95354986
1187008882.465332031	2.8536	-1.4128557
1187008882.465820313	2.1998334	-2.0707846
1187008882.466308594	0.8958329	-2.0642185
1187008882.466796875	0.28658396	-1.2736139
1187008882.467285156	0.25817513	-0.87904263
1187008882.467773438	-0.28729153	-0.40437639
1187008882.468261719	-0.32220674	0.76712549
1187008882.468750000	0.78770733	1.3420353
1187008882.469238281	1.5613422	0.94988644
1187008882.469726563	1.7629437	0.6452353
1187008882.470214844	2.0880911	0.58884382
1187008882.470703125	2.6463962	0.47134614
1187008882.471191406	3.3616371	-0.36607313
1187008882.471679688	3.4348505	-1.5045115
1187008882.472167969	2.8497419	-2.5423501
1187008882.472656250	1.8904407	-3.0263636
1187008882.473144531	1.402571	-3.1219895
1187008882.473632813	0.63742769	-3.5681522
1187008882.474121094	-0.50939715	-3.1620519
1187008882.474609375	-0.74517024	-2.2847743
1187008882.475097656	-0.49029481	-2.3165097
1187008882.475585938	-0.86413038	-2.4064374
1187008882.476074219	-1.2772949	-2.1811709
1187008882.476562500	-1.6092008	-2.0535374
1187008882.477050781	-1.9873971	-1.9599767
1187008882.477539063	-2.5938711	-1.8176318
1187008882.478027344	-3.5000429	-0.91030294
1187008882.478515625	-3.496913	0.44208887
1187008882.479003906	-2.9042327	1.4837298
1187008882.479492188	-2.0884588	2.18502
1187008882.479980469	-1.1783991	2.856101
1187008882.480468750	0.32353431	2.8886962
1187008882.480957031	1.396492	1.9940562
1187008882.481445313	1.7769606	0.95957047
1187008882.481933594	1.6159595	0.25501031
1187008882.482421875	1.4763708	-0.00090533495
1187008882.482910156	1.7793419	-0.4012475
1187008882.483398438	1.7101036	-1.3483379
1187008882.483886719	0.94130933	-2.0587296
1187008882.484375000	0.23115581	-2.0276732
1187008882.484863281	-0.24332798	-2.0719891
1187008882.485351563	-0.86629969	-1.8987534
1187008882.485839844	-1.22531	-1.61975
1187008882.486328125	-1.6460977	-1.3079739
1187008882.486816406	-1.6649004	-0.80704677
1187008882.487304688	-1.583315	-0.74146706
1187008882.487792969	-1.840986	-0.58968449
1187008882.488281250	-1.937302	0.050352931
1187008882.488769531	-1.4269089	0.27584797
1187008882.489257813	-1.2606664	-0.054912597
1187008882.489746094	-1.5473607	-0.21152464
1187008882.490234375	-1.9511008	0.15094618
1187008882.490722656	-1.9729884	0.72140247
1187008882.491210938	-1.7109429	1.0125436
1187008882.491699219	-1.733873	1.1172657
1187008882.492187500	-1.6798828	1.5014429
1187008882.492675781	-1.4015535	1.9945332
1187008882.493164063	-0.89478326	2.2030964
1187008882.493652344	-0.47669283	2.3333976
1187008882.494140625	-0.084114164	2.4986084
1187008882.494628906	0.53191245	2.4799266
1187008882.495117188	1.0625635	2.0679989
1187008882.495605469	1.2491349	1.8338963
1187008882.496093750	1.5138164	1.5598612
1187008882.496582031	1.6614426	1.1613609
1187008882.497070313	1.767995	0.81534004
1187008882.497558594	1.6468997	0.28583497
1187008882.498046875	1.3386993	0.32299998
1187008882.498535156	1.5959592	0.51254421
1187008882.499023438	1.9658861	0.0027799234
1187008882.499511719	1.8115726	-0.61520088
1187008882.500000000	1.5063045	-1.1554488
1187008882.500488281	0.88402265	-1.4011539
1187008882.500976563	0.40310872	-1.3631414
1187008882.501464844	0.013154216	-1.3381072
1187008882.501953125	-0.68637431	-1.0495842
1187008882.502441406	-1.0797088	-0.27484539
1187008882.502929688	-0.72209716	0.39611071
1187008882.503417969	-0.1439849	0.3858484
1187008882.503906250	-0.24723481	0.28280351
1187008882.504394531	-0.29414552	0.68795234
1187008882.504882813	0.13212459	0.89055371
1187008882.505371094	0.36568874	0.59820646
1187008882.505859375	0.16705972	0.66105855
1187008882.506347656	0.32161438	1.1065204
1187008882.506835938	0.88363028	1.0558677
1187008882.507324219	1.1619787	0.6039831
1187008882.507812500	1.2005709	0.45957065
1187008882.508300781	1.40378	0.37911606
1187008882.508789063	1.6044708	0.015366584
1187008882.509277344	1.5557001	-0.37154394
1187008882.509765625	1.3189487	-0.67825896
1187008882.510253906	1.040077	-0.75616539
1187008882.510742188	0.98998213	-0.71616983
1187008882.511230469	0.99059594	-0.9368521
1187008882.511718750	0.81077117	-1.0579445
1187008882.512207031	0.6565305	-0.84568429
1187008882.512695313	1.0488603	-0.79903924
1187008882.513183594	1.3571939	-1.3780354
1187008882.513671875	1.0481797	-2.0163627
1187008882.514160156	0.56283802	-2.1953826
1187008882.514648438	0.28522646	-2.2027745
1187008882.515136719	0.17601377	-2.3478036
1187008882.515625000	-0.045885324	-2.81318
1187008882.516113281	-1.013146	-3.0229166
1187008882.516601563	-1.6963987	-2.3653314
1187008882.517089844	-1.6602446	-2.1015985
1187008882.517578125	-2.0995383	-2.2658725
1187008882.518066406	-2.837955	-1.9904747
1187008882.518554688	-3.4679923	-1.0360661
1187008882.519042969	-3.3195372	-0.20268187
1187008882.519531250	-3.0932276	0.14426067
1187008882.520019531	-3.1353106	0.61077619
1187008882.520507813	-3.0036368	1.3227198
1187008882.520996094	-2.3998718	1.6715442
1187008882.521484375	-2.2069674	1.6393926
1187008882.521972656	-2.1924951	2.032459
1187008882.522460938	-1.8354671	2.5114784
1187008882.522949219	-1.2866313	2.8279715
1187008882.523437500	-0.55346709	2.7452791
1187008882.523925781	-0.22672665	2.6047328
1187008882.524414063	0.19995654	2.6595984
1187008882.524902344	0.93956125	2.5152361
1187008882.525390625	1.5271945	1.6517726
1187008882.525878906	1.1865933	0.74622142
1187008882.526367188	0.64297104	0.76395506
1187008882.526855469	0.74298406	0.81995708
1187008882.527343750	0.73953235	0.5477668
1187008882.527832031	0.37977439	0.43794411
1187008882.528320313	0.093968928	0.68061447
1187008882.528808594	0.32058799	1.0230024
1187008882.529296875	0.47917891	0.83429772
1187008882.529785156	0.30183035	0.93216461
1187008882.530273438	0.63438821	1.2182972
1187008882.530761719	1.0023265	1.0239687
1187008882.531250000	1.1394631	0.85906667
1187008882.531738281	1.1345346	0.56275201
1187008882.532226563	0.82868004	0.77388561
1187008882.532714844	1.3768711	1.2164199
1187008882.533203125	2.2254143	0.56014514
1187008882.533691406	2.0428741	-0.16751105
1187008882.534179688	1.9106388	-0.20008266
1187008882.534667969	2.0202775	-0.36654937
1187008882.535156250	2.0874534	-0.88202298
1187008882.535644531	1.8168153	-1.4934903
1187008882.536132813	1.0604174	-1.5420415
1187008882.536621094	0.91207224	-0.98595631
1187008882.537109375	1.3539437	-1.1028013
1187008882.537597656	1.3120718	-1.5815911
1187008882.538085938	1.0410562	-1.9069095
1187008882.538574219	0.74828351	-2.0867119
1187008882.539062500	0.41173732	-2.331876
1187008882.539550781	-0.059329063	-2.6073937
1187008882.540039063	-0.82003134	-2.3341727
1187008882.540527344	-1.1535058	-1.7259983
1187008882.541015625	-1.0167029	-1.5188307
1187008882.541503906	-1.2623389	-1.5442102
1187008882.541992188	-1.664735	-1.0239768
1187008882.542480469	-1.3451488	-0.44108766
1187008882.542968750	-0.73483378	-0.59713912
1187008882.543457031	-0.91562951	-1.2539585
1187008882.543945313	-1.6901624	-1.0661519
1187008882.544433594	-1.9299011	-0.38893786
1187008882.544921875	-1.8398585	0.13672793
1187008882.545410156	-1.6175524	0.60099936
1187008882.545898438	-1.1964341	0.96226203
1187008882.546386719	-0.64185596	0.9326328
1187008882.546875000	-0.48487282	0.50248885
1187008882.547363281	-0.76831234	0.37502807
1187008882.547851563	-0.90075362	0.76275009
1187008882.548339844	-0.56626517	1.2581097
1187008882.548828125	0.26471567	1.1183851
1187008882.549316406	0.44973278	0.36252844
1187008882.549804688	-0.091735274	-0.015393496
1187008882.550292969	-0.33602786	0.28506601
1187008882.550781250	-0.14734599	0.4240284
1187008882.551269531	0.026356816	0.23841989
1187008882.551757813	-0.1516372	-0.0647735
1187008882.552246094	-0.65648991	0.064153343
1187008882.552734375	-0.74906975	0.76124984
1187008882.553222656	-0.30122536	0.89848399
1187008882.553710938	-0.28417611	0.9261719
1187008882.554199219	0.059410721	1.2822512
1187008882.554687500	0.67287564	1.1902711
1187008882.555175781	0.89359975	0.76217425
1187008882.555664063	1.0165222	0.29101735
1187008882.556152344	0.56135774	0.14110106
1187008882.556640625	0.5726074	0.34741408
1187008882.557128906	0.85815418	0.021464765
1187008882.557617188	0.62111151	-0.39922857
1187008882.558105469	0.26357406	-0.34816867
1187008882.558593750	-0.06994158	-0.29861829
1187008882.559082031	-0.1540848	0.013081849
1187008882.559570313	-0.0062777847	-0.025085628
1187008882.560058594	-0.1856513	-0.056640506
1187008882.560546875	-0.19280724	0.29267156
1187008882.561035156	-0.012814492	0.097305357
1187008882.561523438	-0.27283695	0.04909265
1187008882.562011719	-0.46884954	0.13803129
1187008882.562500000	-0.62216294	0.65132666
1187008882.562988281	-0.077223301	1.1529233
1187008882.563476563	0.44566458	0.90903878
1187008882.563964844	0.498411	0.79092526
1187008882.564453125	0.53482467	0.7592389
1187008882.564941406	0.66153759	0.7942816
1187008882.565429688	0.93634242	0.82899088
1187008882.565917969	1.237556	0.61707848
1187008882.566406250	1.4534347	0.63392973
1187008882.566894531	1.9899006	0.36804605
1187008882.567382813	2.2489266	-0.7026695
1187008882.567871094	1.5173647	-1.3012818
1187008882.568359375	1.0793799	-1.076632
1187008882.568847656	1.4016751	-1.0172508
1187008882.569335938	1.6755216	-1.9432969
1187008882.569824219	0.67508459	-2.975004
1187008882.570312500	-0.73622227	-2.5763831
1187008882.570800781	-0.97978061	-1.8000562
1187008882.571289063	-1.1269677	-1.9247963
1187008882.571777344	-2.0911455	-1.6832161
1187008882.572265625	-2.637362	-0.41978866
1187008882.572753906	-1.9795424	0.91165733
1187008882.573242188	-0.78910434	1.1832004
1187008882.573730469	-0.06561549	0.74736625
1187008882.574218750	0.041358121	0.24866155
1187008882.574707031	-0.035654843	0.07749638
1187008882.575195313	0.25452858	-0.22559026
1187008882.575683594	-0.17572081	-0.95581436
1187008882.576171875	-0.97400892	-0.52056909
1187008882.576660156	-0.77150202	0.074232832
1187008882.577148438	-0.49535763	-0.11024231
1187008882.577636719	-0.51635009	-0.17896223
1187008882.578125000	-0.54950422	-0.13498533
1187008882.578613281	-0.48583099	-0.091333866
1187008882.579101563	-0.51785034	-0.3444857
1187008882.579589844	-1.0094088	-0.28903589
1187008882.580078125	-1.2986729	0.31766516
1187008882.580566406	-1.0577093	0.81899971
1187008882.581054688	-0.5202322	1.0339826
1187008882.581542969	-0.025297463	0.6177423
1187008882.582031250	-0.27528107	0.25075555
1187008882.582519531	-0.50186986	0.54025048
1187008882.583007813	-0.18720192	0.67972744
1187008882.583496094	0.033694752	0.2660872
1187008882.583984375	-0.30043274	-0.057702065
1187008882.584472656	-0.7752229	0.27575058
1187008882.584960938	-0.66479468	0.81915891
1187008882.585449219	-0.46642858	0.93090683
1187008882.585937500	-0.37442571	1.1321254
1187008882.586425781	0.0223369	1.4749193
1187008882.586914063	0.70891279	1.3389294
1187008882.587402344	1.0220895	0.6957491
1187008882.587890625	0.7343114	0.34600472
1187008882.588378906	0.57315451	0.2555258
1187008882.588867188	0.50038248	0.25822121
1187008882.589355469	0.58862305	-0.05208683
1187008882.589843750	-0.0031257868	-0.29150522
1187008882.590332031	-0.54597402	0.36441407
1187008882.590820313	-0.14633515	0.9933846
1187008882.591308594	0.4310115	1.0667427
1187008882.591796875	0.78854251	0.70230228
1187008882.592285156	0.6859774	0.56737316
1187008882.592773438	0.71447712	0.72393405
1187008882.593261719	0.96879274	0.65822697
1187008882.593750000	1.0281968	0.52778602
1187008882.594238281	1.2941849	0.51954639
1187008882.594726563	1.5335941	0.14858377
1187008882.595214844	1.4658893	0.10967317
1187008882.595703125	1.9310354	-0.026479721
1187008882.596191406	2.1425264	-0.73326874
1187008882.596679688	1.9180679	-1.4053426
1187008882.597167969	1.5553648	-2.0048509
1187008882.597656250	0.68863118	-2.5650349
1187008882.598144531	-0.54384375	-2.1052308
1187008882.598632813	-0.7068283	-1.1391567
1187008882.599121094	-0.24816316	-0.85891318
1187008882.599609375	-0.11848274	-1.1501818
1187008882.600097656	-0.36445686	-1.018046
1187008882.600585938	-0.097390071	-0.89444131
1187008882.601074219	-0.0046683848	-1.5302376
1187008882.601562500	-0.77329785	-1.8746753
1187008882.602050781	-1.4754542	-1.6975164
1187008882.602539063	-1.9526558	-0.86508304
1187008882.603027344	-1.7981817	-0.34089607
1187008882.603515625	-1.7081754	-0.112505
1187008882.604003906	-1.6101741	-0.0022959486
1187008882.604492188	-1.7853152	0.31591544
1187008882.604980469	-1.7152934	0.78358769
1187008882.605468750	-1.4696447	1.1600635
1187008882.605957031	-1.2295483	1.4331656
1187008882.606445313	-0.82020533	1.8034446
1187008882.606933594	-0.10159158	1.9342152
1187008882.607421875	0.52075511	1.4945333
1187008882.607910156	0.65902805	0.99218333
1187008882.608398438	0.56182152	0.76076269
1187008882.608886719	0.72136116	0.72269011
1187008882.609375000	0.91322184	0.28333434
1187008882.609863281	0.63096607	-0.0050725713
1187008882.610351563	0.46447402	0.19845842
1187008882.610839844	0.74982733	0.20670295
1187008882.611328125	0.83038378	-0.23735355
1187008882.611816406	0.4085744	-0.43267536
1187008882.612304688	0.099246353	-0.20759955
1187008882.612792969	0.11479889	0.23047774
1187008882.613281250	0.75364316	0.22811997
1187008882.613769531	0.89379811	-0.50471401
1187008882.614257813	0.31660828	-0.95644838
1187008882.614746094	-0.14333005	-0.5809828
1187008882.615234375	-0.053273775	-0.36262158
1187008882.615722656	-0.24970774	-0.42183092
1187008882.616210938	-0.54003155	-0.098801792
1187008882.616699219	-0.13844103	0.32271534
1187008882.617187500	0.27341247	0.020121053
1187008882.617675781	-0.062271595	-0.25755212
1187008882.618164063	-0.21941739	0.20085339
1187008882.618652344	0.22088739	0.31413537
1187008882.619140625	0.43481302	-0.03585308
1187008882.619628906	0.30906558	-0.46210462
1187008882.620117188	-0.037876815	-0.5032264
1187008882.620605469	-0.055527449	-0.40603238
1187008882.621093750	-0.15686223	-0.68597835
1187008882.621582031	-0.72025645	-0.81005353
1187008882.622070313	-1.4077895	-0.010425627
1187008882.622558594	-0.86652982	1.1170132
1187008882.623046875	0.30251843	1.0686895
1187008882.623535156	0.61076915	0.3568297
1187008882.624023438	0.41480476	0.10171014
1187008882.624511719	0.29157197	0.038367212
1187008882.625000000	0.40081307	0.041391313
1187008882.625488281	0.50333643	-0.43035954
1187008882.625976563	-0.02080211	-0.71343982
1187008882.626464844	-0.35605332	-0.24257821
1187008882.626953125	-0.12705594	-0.068967596
1187008882.627441406	-0.057613105	-0.31039035
1187008882.627929688	-0.49971384	-0.62832445
1187008882.628417969	-1.0680474	-0.14936535
1187008882.628906250	-0.79531074	0.55184054
1187008882.629394531	-0.21490206	0.43611234
1187008882.629882813	-0.27260616	-0.0017992258
1187008882.630371094	-0.7376101	0.038316071
1187008882.630859375	-0.94083303	0.50824499
1187008882.631347656	-0.79330206	0.92807937
1187008882.631835938	-0.43478474	0.96185887
1187008882.632324219	-0.6215896	0.97367817
1187008882.632812500	-0.78434432	1.6475294
1187008882.633300781	0.10402229	2.3335407
1187008882.633789063	1.2192858	2.0113719
1187008882.634277344	1.4219191	1.4391365
1187008882.634765625	1.6501524	1.4732672
1187008882.635253906	2.3815825	1.0215772
1187008882.635742188	2.3164165	-0.037332535
1187008882.636230469	1.6987147	-0.23375726
1187008882.636718750	1.863817	0.096495628
1187008882.637207031	2.4375515	-0.31957603
1187008882.637695313	2.5054407	-1.1849579
1187008882.638183594	2.0363557	-1.9170012
1187008882.638671875	1.2600319	-2.3430123
1187008882.639160156	0.56530952	-2.2597337
1187008882.639648438	0.43086228	-2.0929339
1187008882.640136719	0.32060292	-2.2275615
1187008882.640625000	-0.14221814	-2.455405
1187008882.641113281	-0.73474252	-2.4363425
1187008882.641601563	-1.3918084	-2.1684835
1187008882.642089844	-1.671587	-1.464501
1187008882.642578125	-1.4535502	-0.89237887
1187008882.643066406	-1.1286685	-0.92127174
1187008882.643554688	-1.1891594	-1.2109728
1187008882.644042969	-1.8420198	-1.2786679
1187008882.644531250	-2.3673713	-0.33493504
1187008882.645019531	-1.8850104	0.46858132
1187008882.645507813	-1.3798449	0.68227708
1187008882.645996094	-1.029078	0.63982242
1187008882.646484375	-0.85425401	0.50151998
1187008882.646972656	-1.0251094	0.47234792
1187008882.647460938	-1.0862691	0.70899552
1187008882.647949219	-0.69969285	1.1726732
1187008882.648437500	0.051511213	1.2127968
1187008882.648925781	0.26670992	0.78786051
1187008882.649414063	0.31977251	0.41937339
1187008882.649902344	0.045921892	0.028119922
1187008882.650390625	-0.39313954	0.086389482
1187008882.650878906	-0.4518564	0.42454609
1187008882.651367188	-0.45931911	0.489328
1187008882.651855469	-0.53480142	0.71362156
1187008882.652343750	-0.5262568	1.0286022
1187008882.652832031	-0.18278033	1.3586298
1187008882.653320313	0.47923803	1.3312824
1187008882.653808594	0.8060227	0.79394853
1187008882.654296875	0.6380589	0.39043826
1187008882.654785156	0.51624024	0.38126969
1187008882.655273438	0.64887941	0.13481261
1187008882.655761719	0.50743639	-0.30775663
1187008882.656250000	-0.20238383	-0.39698905
1187008882.656738281	-0.41222697	0.28380743
1187008882.657226563	-0.14646652	0.51240331
1187008882.657714844	0.051057234	0.44042256
1187008882.658203125	0.19305751	0.39902169
1187008882.658691406	0.016803563	0.18751653
1187008882.659179688	-0.20863965	0.48111936
1187008882.659667969	0.010084271	0.65861487
1187008882.660156250	0.16148818	0.7357592
1187008882.660644531	0.37929231	0.9273349
1187008882.661132813	0.79153061	0.88438964
1187008882.661621094	0.8242231	0.51801318
1187008882.662109375	0.73648429	0.6357888
1187008882.662597656	1.1515124	0.7827729
1187008882.663085938	1.7329106	0.36620364
1187008882.663574219	1.9736567	-0.47971404
1187008882.664062500	1.4573665	-1.527428
1187008882.664550781	0.20399831	-1.5908227
1187008882.665039063	-0.30309555	-0.95707536
1187008882.665527344	-0.22732329	-0.67159247
1187008882.666015625	-0.45552203	-0.50824076
1187008882.666503906	-0.43087289	0.089016393
1187008882.666992188	0.2508522	0.42366704
1187008882.667480469	0.74486405	-0.11898334
1187008882.667968750	0.48716658	-0.5947746
1187008882.668457031	0.26674291	-0.52306122
1187008882.668945313	0.17088364	-0.58104599
1187008882.669433594	0.031213343	-0.68042713
1187008882.669921875	-0.13565144	-0.42460626
1187008882.670410156	0.16752705	-0.22078127
1187008882.670898438	0.43985814	-0.57983571
1187008882.671386719	0.086503714	-1.0715562
1187008882.671875000	-0.45352876	-1.0477366
1187008882.672363281	-0.73335552	-0.63201082
1187008882.672851563	-0.50655752	-0.14773273
1187008882.673339844	-0.019137323	-0.18909091
1187008882.673828125	0.011010885	-0.56750703
1187008882.674316406	-0.081587344	-0.46952417
1187008882.674804688	0.20655765	-0.74800426
1187008882.675292969	-0.12035342	-1.2217143
1187008882.675781250	-0.61841524	-1.3449242
1187008882.676269531	-1.2012113	-1.2450736
1187008882.676757813	-1.4716952	-0.57438636
1187008882.677246094	-1.3110125	-0.43547213
1187008882.677734375	-1.6447513	-0.38076669
1187008882.678222656	-1.7816035	0.32174766
1187008882.678710938	-1.4376383	0.71749413
1187008882.679199219	-1.2379326	0.8091929
1187008882.679687500	-1.0656738	0.85821605
1187008882.680175781	-1.0880507	0.86274773
1187008882.680664063	-1.0833069	1.3758515
1187008882.681152344	-0.45772213	1.6281186
1187008882.681640625	0.047183365	1.4061522
1187008882.682128906	0.19643572	1.259842
1187008882.682617188	0.43748009	1.2015073
1187008882.683105469	0.62217903	1.040776
1187008882.683593750	0.7212128	0.64041686
1187008882.684082031	0.75838649	0.55597609
1187008882.684570313	0.90184277	0.52185106
1187008882.685058594	1.2387271	0.098320246
1187008882.685546875	0.92800671	-0.70885777
1187008882.686035156	-0.022838347	-0.67507017
1187008882.686523438	-0.1812662	0.0011071563
1187008882.687011719	0.22419706	0.14212555
1187008882.687500000	0.27368587	-0.30352324
1187008882.687988281	-0.17873895	-0.42334154
1187008882.688476563	-0.59289575	-0.048292838
1187008882.688964844	-0.68219358	0.41285518
1187008882.689453125	-0.5848335	1.0350571
1187008882.689941406	-0.11182946	1.3722651
1187008882.690429688	0.42397428	1.6404072
1187008882.690917969	1.2234197	1.5602813
1187008882.691406250	1.9670914	0.83516848
1187008882.691894531	1.8604975	-0.24031782
1187008882.692382813	1.209648	-0.68936408
1187008882.692871094	0.69779396	-0.69533432
1187008882.693359375	0.26626748	-0.68361998
1187008882.693847656	-0.10698146	-0.47781736
1187008882.694335938	-0.38565403	-0.086492583
1187008882.694824219	-0.14309102	0.5403136
1187008882.695312500	0.40931794	0.61158776
1187008882.695800781	0.7794826	0.44693005
1187008882.696289063	1.1212094	0.22771156
1187008882.696777344	1.1170553	-0.3106699
1187008882.697265625	0.70950258	-0.51985455
1187008882.697753906	0.62136114	-0.33362317
1187008882.698242188	0.83549774	-0.6258269
1187008882.698730469	0.56339884	-0.83829176
1187008882.699218750	0.3085646	-0.93182611
1187008882.699707031	-0.17688912	-0.98387223
1187008882.700195313	-0.61305201	-0.45339096
1187008882.700683594	-0.43638387	0.16889095
1187008882.701171875	0.093442321	0.34634048
1187008882.701660156	0.42511952	-0.17441589
1187008882.702148438	0.10394579	-0.20082772
1187008882.702636719	0.30876374	0.35720962
1187008882.703125000	1.0473032	0.2407831
1187008882.703613281	1.3678154	-0.64394122
1187008882.704101563	0.85933495	-1.3244991
1187008882.704589844	0.40389064	-1.416177
1187008882.705078125	0.30717888	-1.3518836
1187008882.705566406	0.050451279	-1.5901554
1187008882.706054688	-0.21896529	-1.6072127
1187008882.706542969	-0.46230823	-1.6704817
1187008882.707031250	-0.78765744	-1.7958901
1187008882.707519531	-1.3812903	-1.9604894
1187008882.708007813	-2.2864373	-1.6450521
1187008882.708496094	-2.6534801	-0.70021427
1187008882.708984375	-2.5447435	-0.14904785
1187008882.709472656	-2.383193	0.21358997
1187008882.709960938	-2.269737	0.50610602
1187008882.710449219	-2.387851	1.072004
1187008882.710937500	-1.9630811	1.8055949
1187008882.711425781	-1.1127183	2.0621705
1187008882.711914063	-0.49921578	1.7670308
1187008882.712402344	-0.2524761	1.5556986
1187008882.712890625	-0.020362422	1.3752772
1187008882.713378906	-0.058902904	1.1319931
1187008882.713867188	-0.22627923	1.1244445
1187008882.714355469	-0.077598915	1.5308369
1187008882.714843750	0.42670366	1.6526889
1187008882.715332031	0.93839121	1.2322828
1187008882.715820313	0.77001506	0.71033126
1187008882.716308594	0.29787976	0.77614236
1187008882.716796875	0.44314569	1.4550478
1187008882.717285156	1.4154733	1.5337281
1187008882.717773438	1.944522	0.52242368
1187008882.718261719	1.5328237	0.05817911
1187008882.718750000	1.4787531	0.055529892
1187008882.719238281	1.6510983	-0.65516311
1187008882.719726563	0.90758878	-1.2973665
1187008882.720214844	0.13977143	-1.0137079
1187008882.720703125	-0.058271959	-0.50811702
1187008882.721191406	0.14919585	-0.17872375
1187008882.721679688	0.57853067	-0.42826137
1187008882.722167969	0.1753376	-0.90776116
1187008882.722656250	-0.20572443	-0.53614795
1187008882.723144531	-0.079044119	-0.41705346
1187008882.723632813	-0.17300525	-0.56272626
1187008882.724121094	-0.35571012	-0.33045632
1187008882.724609375	-0.31453133	-0.082155034
1187008882.725097656	-0.3340866	-0.31738865
1187008882.725585938	-0.67282653	-0.37199244
1187008882.726074219	-1.0212743	0.12958778
1187008882.726562500	-0.9393217	0.93845069
1187008882.727050781	-0.17396384	1.3536724
1187008882.727539063	0.61431712	1.152091
1187008882.728027344	1.0250161	0.60921031
1187008882.728515625	0.97370207	0.23552576
1187008882.729003906	1.0722151	-0.071312666
1187008882.729492188	0.86789155	-0.70143414
1187008882.729980469	0.36570406	-0.71143752
1187008882.730468750	0.38520232	-0.6042977
1187008882.730957031	0.18335786	-0.77708697
1187008882.731445313	-0.067299634	-0.77253568
1187008882.731933594	-0.37462926	-0.65429235
1187008882.732421875	-0.52535415	-0.089549065
1187008882.732910156	0.0059856474	0.37370718
1187008882.733398438	0.55094343	-0.18326628
1187008882.733886719	0.20567596	-0.68859255
1187008882.734375000	-0.15016925	-0.29562765
1187008882.734863281	0.34019649	-0.11383989
1187008882.735351563	0.47199905	-0.89235634
1187008882.735839844	-0.17422175	-1.1726732
1187008882.736328125	-0.42925245	-0.69108522
1187008882.736816406	-0.36771137	-0.49178416
1187008882.737304688	-0.20560411	-0.53995275
1187008882.737792969	-0.54581398	-0.83246624
1187008882.738281250	-1.0575478	-0.30492634
1187008882.738769531	-0.69144005	0.2816509
1187008882.739257813	-0.16496271	0.054185182
1187008882.739746094	-0.21689713	-0.27532652
1187008882.740234375	-0.47735196	-0.096665829
1187008882.740722656	-0.15075183	0.23068455
1187008882.741210938	0.32906905	-0.16436434
1187008882.741699219	0.23197165	-0.84305489
1187008882.742187500	-0.2561686	-0.90283692
1187008882.742675781	-0.29132998	-0.79927772
1187008882.743164063	-0.3743926	-1.1751301
1187008882.743652344	-1.1056824	-1.6051257
1187008882.744140625	-2.1421375	-1.1156101
1187008882.744628906	-2.4912474	0.021953285
1187008882.745117188	-2.3168759	0.91225088
1187008882.745605469	-1.6526625	1.452093
1187008882.746093750	-1.1664114	1.4987003
1187008882.746582031	-0.92535156	1.8954022
1187008882.747070313	-0.098720402	2.0703802
1187008882.747558594	0.25480705	1.4742942
1187008882.748046875	0.20052451	1.5607179
1187008882.748535156	0.56810087	1.7302139
1187008882.749023438	0.94885468	1.554511
1187008882.749511719	1.5347908	1.3840554
1187008882.750000000	1.8302219	0.44878119
1187008882.750488281	1.312326	0.35077626
1187008882.750976563	1.7827613	0.37383524
1187008882.751464844	2.1118994	-0.83414036
1187008882.751953125	1.1050168	-1.6789058
1187008882.752441406	0.29017517	-1.2134759
1187008882.752929688	0.41012132	-0.99858332
1187008882.753417969	0.025022268	-1.6112268
1187008882.753906250	-1.0927998	-1.2267299
1187008882.754394531	-1.2424383	0.052314848
1187008882.754882813	-0.35423392	0.51318485
1187008882.755371094	0.15369976	-0.0046895668
1187008882.755859375	-0.14426047	-0.44249657
1187008882.756347656	-0.53931463	-0.48347321
1187008882.756835938	-0.89694726	-0.080632716
1187008882.757324219	-0.75133979	0.40353948
1187008882.757812500	-0.48484021	0.43024451
1187008882.758300781	-0.4326672	0.38303965
1187008882.758789063	-0.54976499	0.4961729
1187008882.759277344	-0.36919349	0.71972686
1187008882.759765625	-0.15301782	0.72241843
1187008882.760253906	-0.38717103	0.68575495
1187008882.760742188	-0.37548792	1.3784069
1187008882.761230469	0.32761985	1.5299534
1187008882.761718750	0.58262914	0.91759658
1187008882.762207031	0.18754196	0.99443817
1187008882.762695313	0.63323539	1.4798217
1187008882.763183594	1.3427	1.1967109
1187008882.763671875	1.2793468	0.35929042
1187008882.764160156	0.75719714	0.38345891
1187008882.764648438	0.76638317	0.80763614
1187008882.765136719	1.2246883	0.94086921
1187008882.765625000	1.8355746	0.51719648
1187008882.766113281	1.814647	-0.13792115
1187008882.766601563	1.5098594	-0.18272546
1187008882.767089844	1.7197282	-0.3744778
1187008882.767578125	1.5697389	-0.91345805
1187008882.768066406	0.95670915	-1.0392135
1187008882.768554688	0.93009531	-0.63977897
1187008882.769042969	1.3372855	-0.74482447
1187008882.769531250	1.3552462	-1.4136658
1187008882.770019531	0.76192147	-1.9471301
1187008882.770507813	-0.034456849	-1.6572944
1187008882.770996094	0.0078793019	-1.3174886
1187008882.771484375	-0.044708312	-1.5510077
1187008882.771972656	-0.54633462	-1.580653
1187008882.772460938	-0.8379007	-1.0843838
1187008882.772949219	-0.7163769	-0.63094985
1187008882.773437500	-0.35582784	-0.65851516
1187008882.773925781	-0.30699015	-0.93763238
1187008882.774414063	-0.5890637	-1.1693364
1187008882.774902344	-1.0654541	-0.96146393
1187008882.775390625	-1.0363772	-0.65289193
1187008882.775878906	-0.83524501	-0.87446159
1187008882.776367188	-1.2733504	-1.107015
1187008882.776855469	-1.8545933	-0.60305864
1187008882.777343750	-1.6777363	-0.11711311
1187008882.777832031	-1.5684586	-0.17892176
1187008882.778320313	-1.9267851	0.21284735
1187008882.778808594	-1.6974161	1.0001843
1187008882.779296875	-0.99003029	1.2932965
1187008882.779785156	-0.41291648	0.96979916
1187008882.780273438	-0.2871823	0.51696253
1187008882.780761719	-0.39935714	0.28091326
1187008882.781250000	-0.57830632	-0.097823486
1187008882.781738281	-1.1426979	-0.16617084
1187008882.782226563	-1.538944	0.30504149
1187008882.782714844	-1.6928728	0.71904969
1187008882.783203125	-1.7240057	1.2728775
1187008882.783691406	-1.2570714	1.681375
1187008882.784179688	-1.1163453	1.9312409
1187008882.784667969	-0.67011136	2.8870399
1187008882.785156250	0.70616102	3.0794826
1187008882.785644531	1.6257654	2.1648655
1187008882.786132813	1.7612085	1.3565085
1187008882.786621094	1.545145	0.83680516
1187008882.787109375	1.4691491	0.61591613
1187008882.787597656	1.3472936	0.076371789
1187008882.788085938	0.5465579	-0.15800643
1187008882.788574219	0.27860504	0.61993432
1187008882.789062500	0.90221488	0.84997499
1187008882.789550781	1.0696323	0.29469812
1187008882.790039063	0.74052936	0.25877801
1187008882.790527344	0.86130369	0.57443863
1187008882.791015625	1.1599265	0.54292172
1187008882.791503906	1.4968789	0.3730886
1187008882.791992188	1.6947412	-0.28857759
1187008882.792480469	1.1699449	-0.470851
1187008882.792968750	1.3955016	-0.19533932
1187008882.793457031	1.6597441	-0.85486078
1187008882.793945313	0.89298248	-1.2650833
1187008882.794433594	0.56327277	-0.72611362
1187008882.794921875	0.98955661	-0.30527815
1187008882.795410156	1.5892912	-0.75050771
1187008882.795898438	1.7748091	-1.4473587
1187008882.796386719	1.5090742	-2.1400356
1187008882.796875000	1.0291135	-2.6635416
1187008882.797363281	0.34300882	-3.1012409
1187008882.797851563	-0.79125112	-3.092344
1187008882.798339844	-1.5318891	-2.3737583
1187008882.798828125	-1.7358088	-1.6589067
1187008882.799316406	-1.8443236	-1.1564806
1187008882.799804688	-1.7326931	-0.82587826
1187008882.800292969	-1.6199338	-0.57055378
1187008882.800781250	-1.5573274	-0.46996781
1187008882.801269531	-1.6937742	-0.44979495
1187008882.801757813	-1.9803854	-0.096477866
1187008882.802246094	-2.0631995	0.65895987
1187008882.802734375	-1.4554694	1.4982953
1187008882.803222656	-0.3676632	1.6082033
1187008882.803710938	0.40369532	0.85607362
1187008882.804199219	0.36529189	0.12494558
1187008882.804687500	-0.071115673	-0.15019971
1187008882.805175781	-0.27399069	0.0054541528
1187008882.805664063	-0.2650069	0.087498344
1187008882.806152344	-0.24248797	0.098303527
1187008882.806640625	-0.013015985	0.28001532
1187008882.807128906	0.23295516	-0.095784187
1187008882.807617188	-0.03156364	-0.49394345
1187008882.808105469	-0.33769876	-0.65355164
1187008882.808593750	-0.78171813	-0.58231449
1187008882.809082031	-0.97130805	0.0087940693
1187008882.809570313	-0.65682882	0.054014862
1187008882.810058594	-0.73493767	-0.11052519
1187008882.810546875	-0.94900906	0.1326482
1187008882.811035156	-0.86855882	0.34307963
1187008882.811523438	-0.96345663	0.0068439692
1187008882.812011719	-1.77538	0.18039677
1187008882.812500000	-2.0376894	1.5936513
1187008882.812988281	-0.91498649	2.5495152
1187008882.813476563	0.32697076	2.1922274
1187008882.813964844	0.62399215	1.508852
1187008882.814453125	0.39944679	1.3029213
1187008882.814941406	0.56183428	1.6517282
1187008882.815429688	1.1233203	1.3945742
1187008882.815917969	1.1081803	0.89627737
1187008882.816406250	1.1193031	1.0121551
1187008882.816894531	1.5528471	0.91429216
1187008882.817382813	2.0113518	0.40657008
1187008882.817871094	2.0395145	-0.53178817
1187008882.818359375	1.3090591	-1.1486239
1187008882.818847656	0.3930493	-0.90292919
1187008882.819335938	0.13268149	-0.33808458
1187008882.819824219	0.41818252	-0.02378273
1187008882.820312500	0.69592011	0.034710407
1187008882.820800781	1.0034404	-0.11192796
1187008882.821289063	1.1872256	-0.71031249
1187008882.821777344	0.64881879	-1.4721134
1187008882.822265625	-0.38907927	-1.1746902
1187008882.822753906	-0.6195839	-0.56191945
1187008882.823242188	-0.63275909	-0.34144032
1187008882.823730469	-0.82841909	0.069854498
1187008882.824218750	-0.6998834	0.92635632
1187008882.824707031	0.45211673	1.2395296
1187008882.825195313	0.99550629	0.50724077
1187008882.825683594	0.70071566	0.11024925
1187008882.826171875	0.84476089	0.069279313
1187008882.826660156	1.0202297	-0.24450926
1187008882.827148438	0.89762551	-0.74239582
1187008882.827636719	0.47886994	-1.0244546
1187008882.828125000	-0.16445255	-0.97766978
1187008882.828613281	-0.51654744	-0.13122752
1187008882.829101563	0.34982744	0.44333798
1187008882.829589844	1.1510766	-0.34190467
1187008882.830078125	0.61827582	-1.1880388
1187008882.830566406	-0.0092343241	-1.0393368
1187008882.831054688	-0.087018371	-0.95848262
1187008882.831542969	-0.3973906	-1.1049235
1187008882.832031250	-0.84753323	-0.93328708
1187008882.832519531	-1.1886066	-0.32858473
1187008882.833007813	-0.76750016	0.22650464
1187008882.833496094	-0.35294455	-0.13724059
1187008882.833984375	-0.90538919	-0.29981685
1187008882.834472656	-1.0217092	0.73416734
1187008882.834960938	0.097308367	1.1337726
1187008882.835449219	0.83294511	0.35454375
1187008882.835937500	0.76738942	-0.24918193
1187008882.836425781	0.40655246	-0.65633601
1187008882.836914063	0.10525924	-0.64871144
1187008882.837402344	0.025366187	-0.84078497
1187008882.837890625	-0.49078757	-1.1683304
1187008882.838378906	-1.1621001	-0.67017221
1187008882.838867188	-1.1791623	0.04830721
1187008882.839355469	-0.85321969	0.23501498
1187008882.839843750	-0.75006068	0.056121171
1187008882.840332031	-1.142013	0.075769246
1187008882.840820313	-1.3706645	0.95363975
1187008882.841308594	-0.48264283	1.5900497
1187008882.841796875	0.33415192	1.2863894
1187008882.842285156	0.60231441	0.80403066
1187008882.842773438	0.61463058	0.45920655
1187008882.843261719	0.54076225	0.12246512
1187008882.843750000	0.41575509	-0.45509481
1187008882.844238281	-0.28983909	-0.60590708
1187008882.844726563	-0.9100042	0.05631423
1187008882.845214844	-0.70131886	0.56541264
1187008882.845703125	-0.50081086	0.67790437
1187008882.846191406	-0.52906013	0.92541218
1187008882.846679688	-0.093444616	1.5596492
1187008882.847167969	0.92480052	1.3909903
1187008882.847656250	1.198405	0.43998313
1187008882.848144531	0.9247421	0.12546222
1187008882.848632813	0.85929525	-0.035017803
1187008882.849121094	0.71190208	-0.26631463
1187008882.849609375	0.59980434	-0.30123085
1187008882.850097656	0.55670607	-0.49791497
1187008882.850585938	0.27347654	-0.60507393
1187008882.851074219	0.29212061	-0.39369631
1187008882.851562500	0.497794	-0.9410336
1187008882.852050781	-0.26746124	-1.3665874
1187008882.852539063	-0.98891008	-0.78955191
1187008882.853027344	-0.89802444	-0.21528617
1187008882.853515625	-0.73699468	-0.30341357
1187008882.854003906	-1.1097569	-0.12809575
1187008882.854492188	-1.0846546	0.59192425
1187008882.854980469	-0.56414235	0.89884084
1187008882.855468750	-0.20698801	0.74512959
1187008882.855957031	-0.15886819	0.66676366
1187008882.856445313	0.086304255	0.91538751
1187008882.856933594	0.76783544	0.88131714
1187008882.857421875	1.3034368	0.22105592
1187008882.857910156	1.2737378	-0.562814
1187008882.858398438	0.6151489	-0.99151409
1187008882.858886719	0.098138236	-0.90267801
1187008882.859375000	0.0565117	-0.78585124
1187008882.859863281	-0.035571858	-0.90091753
1187008882.860351563	-0.31307963	-0.92866349
1187008882.860839844	-0.79641318	-0.71030116
1187008882.861328125	-0.83487189	-0.23121825
1187008882.861816406	-0.55371404	-0.26970524
1187008882.862304688	-0.76318443	-0.37413058
1187008882.862792969	-0.97283781	0.15948972
1187008882.863281250	-0.61593848	0.38829234
1187008882.863769531	-0.41101503	0.21014372
1187008882.864257813	-0.55728865	0.34986198
1187008882.864746094	-0.37503335	0.55380344
1187008882.865234375	-0.17658658	0.66017187
1187008882.865722656	0.13195316	0.49785554
1187008882.866210938	0.16661271	0.31733724
1187008882.866699219	0.32513559	0.29593655
1187008882.867187500	0.49836874	-0.10939489
1187008882.867675781	0.24811131	-0.48469734
1187008882.868164063	-0.21082234	-0.43764013
1187008882.868652344	-0.48835021	0.075448334
1187008882.869140625	0.074097142	0.3815614
1187008882.869628906	0.42672077	-0.21561146
1187008882.870117188	-0.2367025	-0.54308271
1187008882.870605469	-0.58499056	0.1450631
1187008882.871093750	-0.0040078461	0.55827677
1187008882.871582031	0.28997678	0.20274317
1187008882.872070313	0.12893087	0.11971977
1187008882.872558594	0.2464754	0.42313141
1187008882.873046875	0.74699217	0.3311882
1187008882.873535156	0.95128572	-0.27709341
1187008882.874023438	0.59918016	-0.89667618
1187008882.874511719	-0.02226628	-0.83490026
1187008882.875000000	-0.13478576	-0.55766761
1187008882.875488281	-0.076985538	-0.56177253
1187008882.875976563	-0.35705936	-0.60038722
1187008882.876464844	-0.51176023	-0.11804803
1187008882.876953125	-0.13779354	0.18762141
1187008882.877441406	0.13222098	-0.15346149
1187008882.877929688	-0.026778907	-0.32365388
1187008882.878417969	-0.29336828	-0.15699998
1187008882.878906250	-0.047598779	0.2602194
1187008882.879394531	0.28786546	-0.08607769
1187008882.879882813	0.099560916	-0.29901624
1187008882.880371094	0.28911313	-0.28316206
1187008882.880859375	0.17550984	-0.63305128
1187008882.881347656	-0.25406021	-0.77772856
1187008882.881835938	-0.56587386	-0.62566137
1187008882.882324219	-0.8732084	-0.35774481
1187008882.882812500	-1.0899324	0.18304382
1187008882.883300781	-0.73619354	0.56390095
1187008882.883789063	-0.61747664	0.66083992
1187008882.884277344	-0.30770981	1.1438262
1187008882.884765625	0.57620841	1.1347029
1187008882.885253906	0.98054552	0.35618764
1187008882.885742188	0.7770136	-0.36236191
1187008882.886230469	0.18785241	-0.62564021
1187008882.886718750	-0.52386963	-0.34348872
1187008882.887207031	-0.56000537	0.35444653
1187008882.887695313	-0.13501862	0.32971179
1187008882.888183594	-0.36894929	0.36879879
1187008882.888671875	-0.054994255	0.96952009
1187008882.889160156	0.69508731	0.65038836
1187008882.889648438	0.6323657	-0.16232249
1187008882.890136719	-0.00014363229	-0.28440493
1187008882.890625000	-0.30977312	0.074966043
1187008882.891113281	-0.25340256	0.33254009
1187008882.891601563	-0.040611207	0.26311454
1187008882.892089844	-0.25484809	0.0078132153
1187008882.892578125	-0.71785957	0.47152579
1187008882.893066406	-0.40309721	1.0956254
1187008882.893554688	-0.029796258	0.96296525
1187008882.894042969	0.0046540946	1.1333061
1187008882.894531250	0.47215271	1.4192139
1187008882.895019531	0.93552583	1.2073163
1187008882.895507813	1.1634643	0.98967427
1187008882.895996094	1.4786441	0.70726162
1187008882.896484375	1.5545497	0.56173486
1187008882.896972656	2.0104198	0.26441562
1187008882.897460938	2.0308428	-0.57003021
1187008882.897949219	1.4673396	-0.98745257
1187008882.898437500	1.2635429	-1.0930445
1187008882.898925781	0.89562476	-1.3104157
1187008882.899414063	0.62499428	-1.2227919
1187008882.899902344	0.63387609	-1.2916843
1187008882.900390625	0.44762343	-1.6384361
1187008882.900878906	-0.12285633	-1.6235945
1187008882.901367188	-0.5227142	-1.3637066
1187008882.901855469	-0.63803607	-1.0445364
1187008882.902343750	-0.62900633	-0.88566726
1187008882.902832031	-0.66111541	-0.78780085
1187008882.903320313	-0.56404614	-0.78319979
1187008882.903808594	-0.8078295	-1.1327417
1187008882.904296875	-1.6359918	-0.76236868
1187008882.904785156	-1.4682767	0.31739551
1187008882.905273438	-0.65429354	0.32914722
1187008882.905761719	-0.72987533	-0.37313038
1187008882.906250000	-1.3807868	-0.36572269
1187008882.906738281	-1.5486492	0.15561153
1187008882.907226563	-1.4766622	0.44731548
1187008882.907714844	-1.5914975	0.53531659
1187008882.908203125	-1.752745	0.95912147
1187008882.908691406	-1.6259283	1.7389203
1187008882.909179688	-0.72586721	2.2370517
1187008882.909667969	0.016731147	1.920683
1187008882.910156250	0.096104324	1.5827529
1187008882.910644531	0.31029427	1.9384471
1187008882.911132813	1.2078242	1.7533484
1187008882.911621094	1.4902468	0.75454366
1187008882.912109375	1.068449	0.36907771
1187008882.912597656	1.2133188	0.55072969
1187008882.913085938	1.523062	0.11449504
1187008882.913574219	1.472827	-0.5411737
1187008882.914062500	1.1607085	-1.0637691
1187008882.914550781	0.49682248	-1.3506122
1187008882.915039063	-0.076606885	-0.96100318
1187008882.915527344	0.04178521	-0.80024517
1187008882.916015625	-0.1024574	-1.0250831
1187008882.916503906	-0.58683705	-0.87087286
1187008882.916992188	-0.64030135	-0.56661248
1187008882.917480469	-0.7038281	-0.73135251
1187008882.917968750	-1.1373721	-0.53200883
1187008882.918457031	-1.1409367	0.152619
1187008882.918945313	-0.6757257	0.27933919
1187008882.919433594	-0.55401576	0.16712043
1187008882.919921875	-0.59312356	0.13645786
1187008882.920410156	-0.76546311	0.40530205
1187008882.920898438	-0.53272104	1.0173581
1187008882.921386719	0.34424508	0.83058304
1187008882.921875000	0.37976509	0.10473746
1187008882.922363281	-0.014039218	0.055078205
1187008882.922851563	0.070304394	0.24543616
1187008882.923339844	0.13212943	-0.14832377
1187008882.923828125	-0.47214741	-0.2925334
1187008882.924316406	-0.94994199	0.45790434
1187008882.924804688	-0.29193118	1.3954518
1187008882.925292969	0.90981066	1.1272442
1187008882.925781250	1.1958475	0.027807891
1187008882.926269531	0.65857345	-0.48809204
1187008882.926757813	0.34499854	-0.3312048
1187008882.927246094	0.32491279	-0.34440932
1187008882.927734375	-0.015322268	-0.7570402
1187008882.928222656	-0.78930151	-0.33554012
1187008882.928710938	-0.67154193	0.87603092
1187008882.929199219	0.53729951	1.2800481
1187008882.929687500	1.2948097	0.42730281
1187008882.930175781	0.90981466	-0.099933743
1187008882.930664063	0.78020376	0.23682231
1187008882.931152344	1.3573934	0.29445052
1187008882.931640625	1.8440847	-0.57351804
1187008882.932128906	1.3597591	-1.4726262
1187008882.932617188	0.64485413	-1.3589318
1187008882.933105469	0.71627831	-1.3386894
1187008882.933593750	0.50820804	-1.8084552
1187008882.934082031	-0.043523252	-1.823859
1187008882.934570313	-0.37535161	-1.4977444
1187008882.935058594	-0.33429143	-1.2070993
1187008882.935546875	-0.23710468	-1.3263955
1187008882.936035156	-0.3505398	-1.5787903
1187008882.936523438	-0.78377676	-1.7728701
1187008882.937011719	-1.4222211	-1.6009488
1187008882.937500000	-1.779417	-1.2149155
1187008882.937988281	-2.1491511	-1.0304427
1187008882.938476563	-2.7064884	-0.3850666
1187008882.938964844	-2.5663207	0.87097359
1187008882.939453125	-1.5177798	1.2668852
1187008882.939941406	-1.1620181	0.74315774
1187008882.940429688	-1.4021295	0.9031837
1187008882.940917969	-1.2822263	1.3458136
1187008882.941406250	-0.91003102	1.5904593
1187008882.941894531	-0.44845468	1.5733345
1187008882.942382813	-0.4824087	1.3631748
1187008882.942871094	-0.56464905	1.7937765
1187008882.943359375	0.20606971	1.972374
1187008882.943847656	0.6500141	1.4194516
1187008882.944335938	0.34457105	1.2996895
1187008882.944824219	0.66442961	1.7389054
1187008882.945312500	1.4912262	1.5880206
1187008882.945800781	1.7305696	0.5491671
1187008882.946289063	1.0537627	-0.0058203936
1187008882.946777344	0.64847505	0.42554671
1187008882.947265625	1.0132128	0.60036373
1187008882.947753906	1.1875656	0.26950616
1187008882.948242188	1.0967522	0.066187888
1187008882.948730469	0.91530955	-0.13257171
1187008882.949218750	0.51810443	-0.036204278
1187008882.949707031	0.49218392	0.38100362
1187008882.950195313	0.9395864	0.45328087
1187008882.950683594	1.17766	0.40823671
1187008882.951171875	1.4347701	0.25464988
1187008882.951660156	1.779014	-0.13206929
1187008882.952148438	1.8378935	-0.76371324
1187008882.952636719	1.3823646	-1.2076066
1187008882.953125000	1.1887904	-1.0860231
1187008882.953613281	1.1091605	-1.5712415
1187008882.954101563	0.46516043	-1.901347
1187008882.954589844	0.026425809	-1.7320015
1187008882.955078125	-0.39357606	-1.5326153
1187008882.955566406	-0.51489997	-1.1260402
1187008882.956054688	-0.24969715	-1.1672976
1187008882.956542969	-0.67042196	-1.4895542
1187008882.957031250	-1.2241255	-1.2364261
1187008882.957519531	-1.3838129	-1.0080988
1187008882.958007813	-1.8251051	-0.65127188
1187008882.958496094	-2.0229723	0.20746356
1187008882.958984375	-1.5659198	0.98147988
1187008882.959472656	-0.89449465	1.1548136
1187008882.959960938	-0.57481956	0.96244323
1187008882.960449219	-0.37353915	1.1540127
1187008882.960937500	0.21500893	1.1895105
1187008882.961425781	0.49323481	0.70821911
1187008882.961914063	0.33902234	0.42015997
1187008882.962402344	0.41604036	0.34492475
1187008882.962890625	0.40851364	0.20034495
1187008882.963378906	0.45432368	0.25152496
1187008882.963867188	0.37298268	-0.26140583
1187008882.964355469	-0.45073569	-0.07851924
1187008882.964843750	-0.35358122	0.950436
1187008882.965332031	0.74808836	0.91946578
1187008882.965820313	0.90628636	0.10247368
1187008882.966308594	0.51768339	-0.17290458
1187008882.966796875	0.43433797	-0.0060549676
1187008882.967285156	0.55058908	-0.14107446
1187008882.967773438	0.57617748	-0.39755541
1187008882.968261719	0.46625847	-0.66965586
1187008882.968750000	0.24246491	-0.77461749
1187008882.969238281	0.16168223	-0.78846896
1187008882.969726563	0.056906864	-0.98230225
1187008882.970214844	-0.34906429	-1.1190934
1187008882.970703125	-0.68934107	-0.821383
1187008882.971191406	-0.63768011	-0.45724833
1187008882.971679688	-0.38662794	-0.78966486
1187008882.972167969	-0.93740916	-1.1546731
1187008882.972656250	-1.6509515	-0.7160275
1187008882.973144531	-1.648528	-0.095121451
1187008882.973632813	-1.4592841	0.017463423
1187008882.974121094	-1.5933787	-0.0062433556
1187008882.974609375	-1.8380723	0.4694469
1187008882.975097656	-1.4425642	1.2271349
1187008882.975585938	-0.62807846	0.99409848
1187008882.976074219	-0.87223101	0.44585317
1187008882.976562500	-1.2691936	0.81037796
1187008882.977050781	-1.061506	1.125353
1187008882.977539063	-0.92909098	1.1796865
1187008882.978027344	-0.8761397	1.149879
1187008882.978515625	-1.0147743	1.489097
1187008882.979003906	-0.69748002	2.0775144
1187008882.979492188	-0.042567991	2.2366171
1187008882.979980469	0.45098433	2.1086574
1187008882.980468750	0.84758598	1.9382374
1187008882.980957031	1.0916582	1.622035
1187008882.981445313	1.226172	1.4424013
1187008882.981933594	1.2668481	1.118782
1187008882.982421875	1.0629716	1.1491852
1187008882.982910156	1.5181586	1.6157386
1187008882.983398438	2.4592769	1.1552699
1187008882.983886719	2.6171575	0.20059416
1187008882.984375000	2.3087401	-0.50574529
1187008882.984863281	1.9697871	-0.89574784
1187008882.985351563	1.5953155	-1.0568837
1187008882.985839844	1.2223668	-1.2517459
1187008882.986328125	0.76034063	-1.2416821
1187008882.986816406	0.37288427	-0.8492837
1187008882.987304688	0.4354369	-0.49391085
1187008882.987792969	0.65163594	-0.44860953
1187008882.988281250	0.71803671	-0.50773132
1187008882.988769531	0.88526297	-0.2446236
1187008882.989257813	1.5896778	-0.44929394
1187008882.989746094	1.6789221	-1.6573362
1187008882.990234375	0.7471832	-2.2341886
1187008882.990722656	-0.021246329	-1.9817853
1187008882.991210938	-0.30762768	-1.7492998
1187008882.991699219	-0.49481165	-1.7759242
1187008882.992187500	-1.1616304	-1.641333
1187008882.992675781	-1.5606643	-0.70327467
1187008882.993164063	-1.0283232	0.13998474
1187008882.993652344	-0.19186591	-0.055979431
1187008882.994140625	-0.10390972	-0.57681394
1187008882.994628906	-0.34793097	-0.51893479
1187008882.995117188	-0.063894808	-0.33789441
1187008882.995605469	0.25976199	-0.72846508
1187008882.996093750	0.033350945	-1.2144457
1187008882.996582031	-0.32616132	-1.2969075
1187008882.997070313	-0.70493567	-1.3660457
1187008882.997558594	-0.90626687	-1.282775
1187008882.998046875	-1.1692522	-1.3632798
1187008882.998535156	-1.8982453	-1.0149865
1187008882.999023438	-1.9212928	-0.013937481
1187008882.999511719	-1.0889183	0.37420225
